obj: 12.000000 time: 0.106159 gap: 111.071953 iter: 977
obj: 6.000000 time: 0.757837 gap: 114.661790 iter: 2111
obj: 5.000000 time: 1.332323 gap: 116.850568 iter: 2371
obj: 4.000000 time: 11.375970 gap: 112.490000 iter: 73027
obj: 3.000000 time: 17.611564 gap: 111.719740 iter: 135329
obj: 2.000000 time: 21.951976 gap: 114.948649 iter: 178198
obj: 1.000000 time: 103.257998 gap: 0.000000 iter: 908032

obj: 1 time: 103.26
V1:  2 3 5 6 7 11 12 13 15 18 19 22 24 28 30 31 32 33 34 39 48 51 53 55 56 58 68 72 78 81 82 85 86 88 89 92 98 102 104 105 107 108 109 110 115 116 118 125 126 129 132 134 136 143 144 145 146 147 152 155 159 164 165 170 177 178 181 183 185 186 190 191 198
V2:  2 3 5 6 11 22 28 30 31 32 39 48 53 55 58 81 82 85 92 98 104 105 107 109 110 115 116 132 136 144 145 147 152 159 164 185 186 191 198
V3:  3 28 31 53 55 58 85 92 104 107 110 136 159 164 185 186
gap: 0
status: feasible
