obj: 7.000000 time: 0.007490 gap: 42.857143 iter: 68
obj: 6.000000 time: 0.012090 gap: 33.333333 iter: 88

obj: 4 time: 0.021531
V1:  0 3 5 6 8 9 14 16 17 21 26 29
V2:  0 3 5 6 17 21
V3:  3 6 17 21
gap: 0
status: feasible
