obj: 33.000000 time: 0.242477 gap: 91.785031 iter: 1666
obj: 28.000000 time: 0.767429 gap: 87.925770 iter: 2396
obj: 20.000000 time: 4.198064 gap: 79.677099 iter: 5475
obj: 18.000000 time: 8.033081 gap: 77.055515 iter: 38957
obj: 16.000000 time: 10.319553 gap: 74.117940 iter: 49438
obj: 14.000000 time: 21.807296 gap: 69.575446 iter: 62992
obj: 13.000000 time: 47.052690 gap: 66.562804 iter: 170744
obj: 12.000000 time: 112.848823 gap: 62.984910 iter: 545005
obj: 11.000000 time: 128.095452 gap: 59.607233 iter: 551464

obj: 11 time: 1200.13
V1:  0 2 3 5 17 18 19 22 23 24 26 27 30 34 36 37 39 40 43 47 48 49 51 60 61 65 66 69 72 75 76 81 82 85 86 93 96 97 98 99 100 104 112 113 114 116 117 122 124 133 136 138 142 143 145 151 153 155 157 161 163 167 168 169 170 172 174 176 179 180 181 182 184 185 186 188 192 199 200 202 208 214 217 221 223 226 230 233 234 238 239 240 242 247 249 250 258 260 267 269 273 274 275 276 277 279 281 287 289 291 294 296 297 298 300 302 303 305 306 310 313 320 326 327 329 330 332 336 338 339 341 342 343 344 349 351 352 354 355 357 358 359 364 365 368 369 371 378 380 385 386 392 393 395 396 398
V2:  0 17 19 24 27 36 40 43 47 48 61 69 82 85 96 97 99 100 112 114 116 122 124 138 142 143 145 167 180 181 182 184 186 188 199 208 226 233 242 247 249 250 260 267 269 273 274 275 279 287 291 294 296 297 300 303 320 326 327 332 338 339 344 349 358 364 365 395 396 398
V3:  0 17 24 36 43 47 61 82 85 99 143 167 180 188 199 208 226 233 242 249 250 275 291 300 338 349 358 364 365
gap: 0.558009
status: feasible
