obj: 43.000000 time: 0.133912 gap: 78.290602 iter: 1221
obj: 41.000000 time: 0.573495 gap: 72.520379 iter: 2341
obj: 32.000000 time: 0.814153 gap: 63.997202 iter: 3040
obj: 27.000000 time: 0.952305 gap: 57.191139 iter: 3359
obj: 25.000000 time: 2.031880 gap: 53.058720 iter: 4931
obj: 23.000000 time: 10.351519 gap: 48.132549 iter: 42562
obj: 22.000000 time: 23.545435 gap: 44.721283 iter: 124302
obj: 19.000000 time: 35.976481 gap: 35.447960 iter: 223274
obj: 18.000000 time: 71.440940 gap: 31.469440 iter: 429177

obj: 18 time: 1195.98
V1:  2 3 8 12 15 16 17 24 26 29 32 33 39 40 42 44 45 49 51 53 54 55 56 58 60 61 62 64 66 70 71 72 74 77 78 81 88 89 90 92 94 95 97 98 107 120 122 125 126 133 135 138 140 142 143 146 149 151 153 154 156 158 159 168 174 175 179 180 181 183 185 187 192 194 196 197 198 200 201 202 203 206 207 211 212 213 216 217 218 219 222 224 226 228 229 231 235 243 244 246 253 256 257 259 264 265 267 271 272 275 277 279 283 286 287 288 289 295 296 297 298 299
V2:  3 8 17 26 29 42 49 54 56 64 70 74 77 78 81 88 89 90 92 94 122 125 135 143 151 153 156 158 168 174 175 179 181 187 196 197 207 212 216 218 226 235 243 256 257 264 267 271 275 277 279 283 288 296
V3:  26 49 64 70 78 81 92 94 122 135 143 153 168 174 207 243 264 267 271 288
gap: 0.273244
status: feasible
