obj: 5.000000 time: 0.022540 gap: 70.000000 iter: 212
obj: 4.000000 time: 0.039389 gap: 55.000000 iter: 248

obj: 3 time: 0.08958
V1:  11 13 17 20 23 25 26 30 31 32 33 36 38 41 42 44 46 48 51 52 57 58 65 67 69 70 72 76 78 79
V2:  11 13 17 25 26 30 33 38 46 51 52 57 65 70 72 78 79
V3:  26 30 46 51 57 72
gap: 0
status: feasible
