obj: 26.000000 time: 0.249472 gap: 110.256015 iter: 1482
obj: 21.000000 time: 0.842275 gap: 108.436499 iter: 2120
obj: 15.000000 time: 3.952910 gap: 108.099002 iter: 4006
obj: 13.000000 time: 6.830231 gap: 108.971238 iter: 29187
obj: 10.000000 time: 9.300145 gap: 111.662419 iter: 42188
obj: 9.000000 time: 26.746428 gap: 109.057961 iter: 88920
obj: 8.000000 time: 29.888476 gap: 110.142362 iter: 101513
obj: 7.000000 time: 76.252602 gap: 108.964241 iter: 466215
obj: 6.000000 time: 77.388154 gap: 110.458104 iter: 473990
obj: 5.000000 time: 437.401272 gap: 105.724802 iter: 2755695
obj: 4.000000 time: 1157.238719 gap: 100.862180 iter: 6879887

obj: 4 time: 1200.07
V1:  0 1 3 4 5 8 9 13 18 19 23 26 27 30 31 32 34 37 38 40 41 49 50 56 61 70 71 73 77 80 82 84 88 90 93 96 99 100 101 102 106 107 108 111 114 115 119 122 123 124 129 132 135 137 138 141 142 144 148 152 154 156 157 159 160 163 164 167 170 175 176 177 181 183 184 187 188 191 193 194 196 197 200 203 205 211 213 214 219 220 223 224 225 226 229 233 234 236 237 239 242 244 247 249 252 253 260 261 263 264 266 267 269 270 271 278 279 280 285 287 293 295 299 300 305 309 310 313 316 318 321 327 331 334 336 343 352 353 356 357 362 366 367 373 375 376 379 383 386 388
V2:  0 1 18 27 30 38 40 50 61 70 71 84 96 99 102 106 107 108 111 114 119 122 123 124 129 132 135 137 144 148 152 154 163 164 170 183 184 193 196 197 200 203 213 224 233 237 239 244 247 261 263 264 266 269 270 271 278 295 299 313 321 327 343 353 362 367 373 376 386 388
V3:  18 27 38 50 61 70 96 102 106 107 108 111 114 124 129 135 144 152 154 196 224 237 239 244 247 263 264 266 269 270 295 299 373 386
gap: 1.00694
status: feasible
