obj: 12.000000 time: 0.024515 gap: 77.083333 iter: 245
obj: 7.000000 time: 0.045164 gap: 55.000000 iter: 263
obj: 6.000000 time: 0.136381 gap: 41.666667 iter: 596
obj: 4.000000 time: 0.151191 gap: 0.000000 iter: 1063

obj: 4 time: 0.151474
V1:  0 3 5 9 10 12 17 18 19 22 25 26 27 38 41 46 47 48 50 52 53 54 56 61 65 68 69 72 75 76
V2:  0 5 9 22 26 27 38 47 48 50 52 53 65 69 72 76
V3:  0 26 47 48 50 69 72 76
gap: 0
status: feasible
