obj: 72.000000 time: 0.162589 gap: 66.779016 iter: 1624
obj: 68.000000 time: 0.545176 gap: 60.598556 iter: 2820
obj: 55.000000 time: 3.302017 gap: 46.531692 iter: 8515
obj: 52.000000 time: 5.418573 gap: 43.228563 iter: 25634
obj: 51.000000 time: 5.443672 gap: 42.115398 iter: 25766
obj: 48.000000 time: 6.669352 gap: 38.480933 iter: 32804
obj: 47.000000 time: 16.774983 gap: 35.988882 iter: 45294
obj: 44.000000 time: 39.553157 gap: 30.880730 iter: 151943
obj: 42.000000 time: 147.058423 gap: 26.745541 iter: 666997
obj: 41.000000 time: 315.213580 gap: 24.516654 iter: 1553677
obj: 40.000000 time: 315.991006 gap: 22.629570 iter: 1558496
obj: 39.000000 time: 610.700903 gap: 18.966760 iter: 3196803
obj: 38.000000 time: 613.807794 gap: 16.830797 iter: 3211310
obj: 37.000000 time: 764.918050 gap: 14.229718 iter: 4030633

obj: 37 time: 1200.05
V1:  1 4 5 9 13 16 23 24 26 28 29 32 33 34 42 43 46 47 53 54 56 59 61 62 63 65 66 67 68 70 71 72 74 75 78 79 84 85 89 90 91 92 105 106 112 114 115 116 121 126 128 134 137 142 149 153 158 159 163 165 169 170 172 174 175 176 179 183 184 186 187 189 190 195 197 198 200 201 202 205 206 208 209 211 212 213 214 215 217 218 220 221 223 226 228 229 230 235 238 240 247 251 260 262 263 264 270 271 274 277 280 282 286 287 289 295 296 303 304 308 309 313 314 317 324 326 327 328 334 336 339 341 342 344 349 350 352 353 356 357 361 362 365 368 371 373 377 380 381 382 384 391 395 396 399
V2:  4 5 9 13 23 24 26 28 29 32 34 53 54 56 59 61 62 65 68 71 75 78 85 89 105 112 116 121 126 128 142 149 158 172 183 184 186 187 190 195 197 200 202 205 208 209 212 214 218 220 221 223 228 230 235 240 247 260 263 264 270 274 287 296 308 314 317 326 327 328 336 339 341 342 344 349 350 352 353 356 361 377 380 382 384 395 399
V3:  9 13 24 53 54 85 105 112 128 142 149 158 184 190 197 200 205 212 214 218 235 247 263 270 317 326 327 328 336 339 342 349 350 353 356 361 380 382 384 399
gap: 0.135804
status: feasible
