obj: 39.000000 time: 0.369462 gap: 102.880832 iter: 2195
obj: 32.000000 time: 0.947998 gap: 102.569226 iter: 2812
obj: 19.000000 time: 5.071054 gap: 100.360942 iter: 5296
obj: 18.000000 time: 10.028969 gap: 100.066662 iter: 35564
obj: 13.000000 time: 23.543179 gap: 99.063740 iter: 50677
obj: 12.000000 time: 133.972564 gap: 96.583996 iter: 549385
obj: 11.000000 time: 548.855778 gap: 95.410394 iter: 2396350
obj: 10.000000 time: 1096.161456 gap: 93.307054 iter: 5123715
obj: 9.000000 time: 1118.153424 gap: 92.559811 iter: 5143155

obj: 9 time: 1199.98
V1:  1 2 10 11 14 15 20 23 25 26 27 28 29 30 34 35 37 40 48 49 50 54 56 59 62 64 67 68 70 72 74 76 78 88 93 95 100 101 105 110 111 113 115 118 119 120 123 125 134 135 136 137 143 144 149 150 152 153 154 155 158 161 163 165 166 169 172 175 176 177 181 184 185 188 191 195 196 198 199 206 207 209 213 214 216 218 220 222 229 230 232 233 239 240 246 247 248 254 257 258 261 265 268 273 274 278 281 285 286 291 292 299 302 303 308 311 312 313 316 317 321 323 326 330 331 332 336 340 341 345 346 350 353 354 360 361 372 375 376 377 378 379 382 384 387 388 393 395 398 399 402 411 412 413 420 421 422 427 429 430 441 443 445 447 448 449 452 453 454 456 458 469 472 473 479 480 486 487 489 492 493 494 495 497
V2:  1 20 23 25 29 34 35 37 40 48 49 54 56 59 62 64 72 74 93 100 101 110 119 120 123 125 134 135 137 149 150 154 158 172 175 176 188 195 196 206 207 209 213 222 229 232 233 246 247 254 257 258 261 281 285 292 299 303 313 316 321 326 330 332 336 346 360 361 372 375 376 377 382 384 388 393 398 402 412 420 421 429 445 452 453 469 472 473 480 487 489 495
V3:  1 35 37 48 54 59 93 100 137 150 154 158 195 206 207 209 222 233 246 257 258 281 299 303 321 326 330 332 346 361 372 376 382 384 388 393 398 402 412 420 429 445 452 453 472 473 480 487 495
gap: 0.925067
status: feasible
