obj: 46.000000 time: 0.484960 gap: 94.250905 iter: 2566
obj: 33.000000 time: 1.255915 gap: 90.416557 iter: 3167
obj: 30.000000 time: 4.827047 gap: 87.106506 iter: 6046
obj: 23.000000 time: 9.261014 gap: 82.985477 iter: 31322
obj: 22.000000 time: 9.421602 gap: 82.212089 iter: 32637
obj: 16.000000 time: 12.247930 gap: 75.393858 iter: 40688
obj: 15.000000 time: 131.947066 gap: 71.425510 iter: 535062
obj: 14.000000 time: 169.714378 gap: 69.254599 iter: 620536

obj: 14 time: 1199.97
V1:  1 2 3 6 7 11 14 15 18 21 22 29 30 33 36 41 43 46 51 55 58 60 61 62 65 66 67 70 76 78 79 84 88 92 96 102 106 107 108 109 114 116 118 119 121 128 130 133 137 138 139 141 143 144 146 148 149 151 154 158 160 166 171 172 173 175 176 177 178 182 183 186 188 190 192 194 196 202 204 208 209 211 216 217 218 219 220 223 224 228 232 235 236 237 238 239 242 243 244 245 247 248 250 254 255 259 261 264 267 271 272 274 277 278 283 284 285 286 288 292 293 295 296 300 301 302 310 311 312 314 319 323 325 327 328 329 333 335 338 339 340 341 344 346 348 351 352 353 354 356 358 359 361 365 375 378 379 380 381 386 390 391 393 394 398 399 406 412 414 415 418 421 422 431 435 437 440 442 445 447 452 453 454 457 465 466 470 474 477 479 483 484 485 486 487 489 491 493 496 497
V2:  11 21 22 29 30 33 43 55 60 62 76 84 92 107 109 116 118 119 130 137 144 148 149 158 171 172 173 175 176 177 188 192 211 218 220 232 235 237 242 243 244 247 248 250 254 267 274 277 278 286 292 293 302 310 311 314 319 323 325 329 333 339 341 346 348 356 380 390 391 394 399 406 418 435 440 454 457 466 483 485 497
V3:  22 30 62 84 107 119 137 172 173 176 192 211 218 220 235 254 277 278 286 292 323 333 339 341 348 356 406 418 435 440 454 457 466
gap: 0.668099
status: feasible
