obj: 10.000000 time: 0.071909 gap: 134.141414 iter: 565
obj: 5.000000 time: 0.148646 gap: 164.238524 iter: 646
obj: 2.000000 time: 0.649071 gap: 221.899329 iter: 1742
obj: 1.000000 time: 6.504731 gap: 302.331800 iter: 48466
obj: 0.000000 time: 238.078629 gap: 0.000000 iter: 2308999

obj: 0 time: 238.081
V1:  1 2 3 4 5 8 9 10 11 13 15 17 18 21 25 26 30 31 32 33 35 39 43 49 50 57 58 62 69 71 72 73 74 75 81 82 84 86 90 96 97 100 105 108 112 114 115 116 118 119 126 128 132 133 134 155 157 158 159 163 174 178 180 182 183 185 187 188 189 191 194 195
V2:  8 9 10 17 18 21 25 30 32 33 35 57 69 75 84 86 90 97 100 105 108 112 114 115 116 118 119 126 128 132 159 178 187 188 191 194 195
V3:  9 17 18 25 33 57 90 100 108 112 115 116 118 128 132 187 188 191 195
gap: 0
status: feasible
