obj: 43.000000 time: 0.491241 gap: 94.480527 iter: 2595
obj: 35.000000 time: 1.237379 gap: 90.541465 iter: 3314
obj: 29.000000 time: 5.287138 gap: 86.411145 iter: 6434
obj: 25.000000 time: 11.266011 gap: 84.065613 iter: 41392
obj: 21.000000 time: 15.149774 gap: 81.019448 iter: 50568
obj: 19.000000 time: 30.032840 gap: 78.242483 iter: 62614
obj: 18.000000 time: 44.377671 gap: 76.699945 iter: 109066
obj: 17.000000 time: 139.413107 gap: 73.946071 iter: 526494
obj: 16.000000 time: 169.687080 gap: 72.199898 iter: 657835
obj: 15.000000 time: 231.906480 gap: 70.122943 iter: 851351

obj: 15 time: 1200.05
V1:  3 7 10 13 16 18 19 20 24 25 26 30 34 40 47 52 53 54 58 60 61 73 74 75 77 80 82 83 85 88 90 92 95 96 97 98 101 102 107 108 111 114 117 124 125 127 128 129 133 135 140 148 150 151 152 153 154 158 160 161 163 164 165 168 169 170 172 173 174 175 176 184 189 190 194 196 198 200 202 203 205 208 213 215 223 224 227 230 231 232 234 237 238 240 242 243 245 247 251 253 258 259 260 262 263 264 265 266 268 272 273 276 278 279 281 282 284 287 290 291 292 293 294 295 296 298 300 301 303 307 310 311 315 317 318 320 321 324 327 331 332 333 337 338 340 344 346 347 348 350 351 358 362 367 368 371 372 373 386 388 391 392 393 394 398 399 402 410 412 414 415 417 429 430 431 432 435 437 440 444 447 449 457 460 464 471 472 476 478 479 482 483 484 487 490 491 492 495 497 499
V2:  3 7 10 13 19 25 30 40 58 60 61 74 75 82 83 85 88 92 95 96 101 102 114 124 128 133 135 140 160 163 164 165 174 189 200 202 203 208 213 223 227 230 231 238 243 253 272 279 282 284 287 291 292 298 317 318 324 327 331 333 344 347 351 362 372 391 394 398 399 410 412 417 432 435 437 464 472 478 479 492 495 497
V3:  13 30 60 74 82 85 95 96 114 163 165 174 189 203 208 223 227 243 279 287 291 292 298 317 318 327 351 394 398 399 410 495 497
gap: 0.686715
status: feasible
