obj: 4.000000 time: 0.008303 gap: 50.000000 iter: 80
obj: 3.000000 time: 0.036487 gap: 33.333333 iter: 361

obj: 3 time: 0.03962
V1:  1 2 8 9 11 12 13 14 19 27 28
V2:  11 12 13 14 19 28
V3:  11 13 14 19 28
gap: 0
status: feasible
