obj: 73.000000 time: 0.137421 gap: 65.474603 iter: 1378
obj: 67.000000 time: 0.561110 gap: 58.176444 iter: 2643
obj: 55.000000 time: 3.633935 gap: 41.915656 iter: 10365
obj: 48.000000 time: 5.848225 gap: 33.358296 iter: 30748
obj: 46.000000 time: 7.269379 gap: 30.428144 iter: 42972
obj: 45.000000 time: 102.387614 gap: 24.446136 iter: 534654
obj: 44.000000 time: 136.637156 gap: 22.618324 iter: 678276
obj: 41.000000 time: 744.518656 gap: 15.152149 iter: 4671769

obj: 41 time: 1200.01
V1:  2 4 9 13 14 16 18 21 24 28 29 31 32 33 35 39 40 43 46 49 52 54 55 56 60 64 70 73 74 75 76 78 81 83 84 87 93 97 99 100 101 109 110 113 115 118 120 121 122 124 127 128 135 136 139 141 143 144 145 148 151 153 157 160 161 164 165 167 171 172 173 175 176 182 184 186 188 190 193 194 198 199 200 204 205 209 212 213 218 219 222 223 234 235 236 244 249 253 257 258 260 263 264 266 267 268 270 272 275 279 283 284 285 287 288 293 297 300 301 302 304 308 311 314 320 324 329 330 334 338 340 348 350 355 357 358 359 361 362 364 365 366 367 369 370 372 379 384 386 388 393 396 397 398
V2:  2 4 9 16 18 21 24 28 29 31 33 35 39 40 49 55 64 75 76 81 83 84 87 97 99 100 101 109 110 115 121 122 127 128 139 141 143 144 151 153 157 160 161 165 172 173 175 176 186 188 193 200 209 218 222 223 235 236 244 249 257 258 263 266 270 272 275 287 297 301 304 308 314 324 329 330 348 350 355 357 358 359 361 365 367 369 370 372 384 386 388 393 396
V3:  9 16 18 24 31 33 40 64 75 83 87 100 115 122 127 128 139 143 144 157 165 172 173 175 176 222 235 236 270 272 275 304 330 355 365 367 384 386 388 396
gap: 0.14514
status: feasible
