obj: 8.000000 time: 0.029790 gap: 97.500000 iter: 228
obj: 6.000000 time: 0.166950 gap: 81.477398 iter: 683
obj: 4.000000 time: 0.393948 gap: 69.086535 iter: 1103
obj: 3.000000 time: 0.526671 gap: 56.505848 iter: 4310
obj: 2.000000 time: 0.838686 gap: 0.000000 iter: 11993

obj: 2 time: 0.839088
V1:  7 8 19 21 24 25 26 27 30 31 33 34 42 43 44 49 51 52 53 54 57 62 63 65 70 72 78 79 80 82 83 84 85 87 91 96
V2:  8 21 25 26 27 30 33 51 63 65 70 72 78 79 82 84 91 96
V3:  8 25 27 30 33 63 70 79 82 84 91 96
gap: 0
status: feasible
