obj: 127.000000 time: 0.154966 gap: 77.791422 iter: 1461
obj: 76.000000 time: 0.358847 gap: 60.385671 iter: 1911
obj: 72.000000 time: 0.624061 gap: 56.052535 iter: 2670
obj: 62.000000 time: 4.130641 gap: 42.148193 iter: 11351
obj: 56.000000 time: 19.016067 gap: 34.566910 iter: 61382
obj: 55.000000 time: 55.491724 gap: 32.653769 iter: 251895
obj: 53.000000 time: 90.141394 gap: 29.735837 iter: 459049
obj: 49.000000 time: 92.586525 gap: 23.999083 iter: 465588
obj: 46.000000 time: 122.855680 gap: 18.910689 iter: 558430
obj: 45.000000 time: 328.007653 gap: 16.538299 iter: 1606311
obj: 44.000000 time: 1176.175562 gap: 12.886373 iter: 5930519

obj: 44 time: 1200.15
V1:  1 2 4 5 6 7 9 11 12 14 18 20 21 25 27 30 31 32 39 40 44 48 52 54 59 60 61 66 67 68 69 70 76 78 82 84 86 87 93 94 95 96 97 102 103 105 112 113 114 118 122 123 124 127 128 129 134 136 140 144 147 148 150 152 154 156 157 158 159 162 165 166 172 173 174 175 176 177 179 186 188 190 192 197 199 201 206 208 209 211 216 218 222 226 227 230 232 234 243 245 247 248 251 252 253 256 257 259 260 261 268 272 275 276 277 279 280 287 288 289 293 294 306 307 308 309 311 314 315 317 321 325 326 327 328 330 331 333 334 336 339 344 346 347 351 353 354 363 366 368 371 378 380 381 386 390 392 393 397 399
V2:  1 5 6 7 9 11 18 27 30 32 39 44 48 52 54 59 60 66 67 70 76 78 82 84 93 94 96 105 113 122 123 128 129 134 140 147 148 150 154 156 157 162 165 173 176 177 186 188 208 209 216 222 226 227 234 247 251 253 256 257 259 260 268 272 275 276 277 287 288 289 294 308 309 311 314 317 325 328 330 331 339 344 346 354 363 366 380 381 386 392 393
V3:  1 9 18 32 60 66 82 93 96 105 123 128 134 140 148 156 162 176 188 209 216 227 257 276 288 311 314 325 331 344 346 363 393
gap: 0.128679
status: feasible
