obj: 34.000000 time: 0.062722 gap: 72.158425 iter: 771
obj: 23.000000 time: 0.145970 gap: 53.583663 iter: 977
obj: 20.000000 time: 0.667623 gap: 42.672201 iter: 2107
obj: 17.000000 time: 1.085178 gap: 32.409619 iter: 7570
obj: 16.000000 time: 11.342974 gap: 24.489594 iter: 127561
obj: 15.000000 time: 27.333578 gap: 17.878284 iter: 324888
obj: 14.000000 time: 53.556789 gap: 10.771721 iter: 593472

obj: 14 time: 75.7168
V1:  0 1 6 7 9 11 13 19 21 25 26 29 31 32 33 34 35 36 39 41 42 45 49 57 58 62 65 70 72 75 78 79 81 89 92 93 94 101 103 108 110 111 113 114 115 117 118 124 125 126 130 135 136 140 142 144 146 148 153 156 157 158 160 161 166 168 171 172 176 183 184 186 187 192 193 195 196 197
V2:  0 1 6 7 11 13 19 21 25 31 34 35 36 39 45 49 65 70 78 92 93 101 103 108 111 115 125 135 140 142 146 148 153 160 161 166 172 186 192 193 195
V3:  13 45 49 65 70 78 101 115 125 135 140 148 153 160 172 186 193
gap: 0
status: feasible
