obj: 29.000000 time: 0.052157 gap: 65.788633 iter: 557
obj: 21.000000 time: 0.228574 gap: 46.746005 iter: 1318
obj: 18.000000 time: 0.539196 gap: 36.631243 iter: 2021
obj: 17.000000 time: 4.914967 gap: 30.928450 iter: 40101
obj: 16.000000 time: 5.040750 gap: 26.346159 iter: 42041
obj: 15.000000 time: 7.609889 gap: 18.894034 iter: 85513
obj: 14.000000 time: 16.673545 gap: 10.123330 iter: 250635

obj: 14 time: 18.7003
V1:  4 7 8 21 22 23 25 26 27 28 31 34 35 38 40 41 42 47 55 56 61 64 65 68 73 74 75 82 83 86 88 90 92 93 94 99 105 109 112 115 117 118 122 125 130 131 132 136 138 139 146 147 148 149 155 156 158 159 160 161 165 167 169 170 173 175 176 178 179 181 183 184 186 189 190 195 198 199
V2:  22 23 25 26 34 40 41 42 47 55 56 61 65 73 74 83 88 92 94 112 115 131 132 138 139 146 148 155 156 161 165 167 169 173 176 181 183 186 190 198 199
V3:  22 23 25 26 56 65 112 115 132 167 169 176 181 183 186 190 198
gap: 0
status: feasible
