obj: 83.000000 time: 0.206355 gap: 69.657692 iter: 1993
obj: 69.000000 time: 0.624910 gap: 56.785041 iter: 3138
obj: 64.000000 time: 3.881444 gap: 47.077912 iter: 11513
obj: 59.000000 time: 6.642876 gap: 42.545670 iter: 35619
obj: 53.000000 time: 8.751358 gap: 35.946700 iter: 43661
obj: 48.000000 time: 20.105145 gap: 26.962251 iter: 59103
obj: 46.000000 time: 61.073875 gap: 23.200734 iter: 266224
obj: 44.000000 time: 105.603429 gap: 19.500649 iter: 526803
obj: 43.000000 time: 108.647472 gap: 17.624734 iter: 533916
obj: 41.000000 time: 153.702152 gap: 13.498282 iter: 679171

obj: 41 time: 1200.04
V1:  0 1 3 5 7 9 11 12 13 14 15 16 17 22 25 27 32 37 38 40 43 44 46 48 51 54 59 61 75 79 80 82 87 88 89 93 94 95 97 99 102 107 108 112 113 125 129 134 138 139 142 143 144 145 146 149 152 153 154 156 160 161 162 163 164 165 166 169 170 171 175 177 181 182 185 186 191 194 196 198 204 207 212 213 214 216 218 220 221 222 223 228 236 238 239 245 246 247 252 253 255 256 261 268 269 272 274 275 278 279 282 284 287 289 291 298 300 304 305 309 312 313 320 322 325 328 330 331 335 337 340 341 342 343 346 349 351 353 356 359 361 363 364 368 370 371 372 373 374 375 377 381 382 386 395 396
V2:  0 1 5 12 17 22 25 37 40 46 48 51 54 59 61 75 79 80 82 88 94 97 99 102 108 134 138 139 142 144 145 149 152 153 154 156 160 163 166 169 170 181 185 186 196 204 207 214 216 228 238 239 245 247 252 255 256 261 269 272 278 282 287 291 298 304 305 309 320 322 325 328 331 335 337 340 343 346 351 361 364 368 371 373 374 375 377 381 386 395 396
V3:  1 22 37 46 51 54 59 79 80 82 99 108 134 138 152 154 156 163 170 196 228 238 247 272 278 282 287 298 304 305 309 325 343 371 373 381 386 395
gap: 0.113592
status: feasible
