obj: 7.000000 time: 0.019706 gap: 85.714286 iter: 181
obj: 5.000000 time: 0.067904 gap: 60.000000 iter: 425
obj: 3.000000 time: 0.125533 gap: 33.333333 iter: 945
obj: 2.000000 time: 0.668479 gap: 0.000000 iter: 18985

obj: 2 time: 0.668737
V1:  0 1 10 17 22 25 26 30 33 37 39 40 41 45 46 48 50 51 53 56 58 62 70 72 73 74 75 76 77
V2:  0 17 25 26 30 40 46 51 53 62 70 72 73 74 75 76 77
V3:  25 26 51 53 62 72 74
gap: 0
status: feasible
