obj: 66.000000 time: 0.169660 gap: 68.165198 iter: 1509
obj: 63.000000 time: 0.524902 gap: 63.864508 iter: 2577
obj: 50.000000 time: 3.430799 gap: 48.585598 iter: 8748
obj: 47.000000 time: 5.962665 gap: 44.505443 iter: 31681
obj: 43.000000 time: 7.511725 gap: 39.343159 iter: 44533
obj: 42.000000 time: 17.917412 gap: 35.710771 iter: 58343
obj: 41.000000 time: 105.525662 gap: 32.714629 iter: 548618
obj: 40.000000 time: 106.561933 gap: 31.010254 iter: 554969
obj: 39.000000 time: 132.851323 gap: 29.195552 iter: 606845
obj: 38.000000 time: 197.792623 gap: 26.773615 iter: 1002213
obj: 37.000000 time: 377.774994 gap: 24.039842 iter: 2110923
obj: 36.000000 time: 1091.986039 gap: 20.912442 iter: 6150281
obj: 34.000000 time: 1112.676861 gap: 16.158078 iter: 6195026

obj: 34 time: 1199.71
V1:  1 2 4 14 18 24 27 28 29 34 35 39 40 44 45 46 49 50 51 54 57 60 63 65 67 68 71 86 89 96 98 100 104 105 107 110 116 117 118 119 121 126 128 129 133 134 135 136 137 139 140 144 145 147 148 152 157 158 159 165 166 169 170 171 172 175 178 179 180 181 182 183 184 187 189 196 198 199 202 203 204 208 212 214 216 217 218 223 226 230 231 233 235 237 238 243 244 246 250 253 256 262 267 270 272 273 274 276 278 282 283 284 285 286 295 297 298 299 300 301 302 308 314 315 322 335 336 338 340 342 345 347 348 353 354 356 362 365 366 367 369 370 372 375 378 379 381 384 386 390 391 394 396 398 399
V2:  14 24 27 28 29 34 40 44 49 50 57 60 63 67 68 71 86 98 100 105 107 117 119 121 126 128 129 133 134 135 139 144 147 148 152 158 159 169 172 175 180 181 189 196 198 203 204 214 217 218 226 233 237 246 250 253 267 272 273 274 276 283 284 285 299 301 314 336 338 340 342 345 347 348 353 356 362 365 367 369 370 378 381 386 394 396
V3:  40 44 63 67 71 86 105 107 119 126 128 135 144 148 158 169 172 203 204 214 217 218 226 246 267 272 274 276 283 301 314 342 347 348 365 367 369 381
gap: 0.156898
status: feasible
