obj: 32.000000 time: 0.272289 gap: 93.882433 iter: 1674
obj: 27.000000 time: 0.861509 gap: 90.203106 iter: 2407
obj: 22.000000 time: 3.204728 gap: 85.475094 iter: 3582
obj: 20.000000 time: 5.895433 gap: 83.256409 iter: 28428
obj: 18.000000 time: 6.085197 gap: 81.396010 iter: 30758
obj: 16.000000 time: 8.318582 gap: 78.851973 iter: 40334
obj: 15.000000 time: 154.899455 gap: 71.565715 iter: 792874
obj: 14.000000 time: 220.332774 gap: 69.065317 iter: 1182795
obj: 13.000000 time: 366.801579 gap: 66.043554 iter: 2070412
obj: 12.000000 time: 827.907566 gap: 62.449942 iter: 4854523
obj: 11.000000 time: 921.019590 gap: 58.873565 iter: 5410467
obj: 10.000000 time: 1145.543287 gap: 54.517712 iter: 6463911

obj: 10 time: 1200.18
V1:  0 3 7 11 12 15 16 22 27 28 31 32 34 35 39 40 43 44 50 54 55 59 62 64 65 66 67 68 69 70 73 74 76 78 81 86 87 88 90 91 94 99 102 105 106 109 110 111 114 116 117 118 119 123 125 132 138 142 143 144 148 149 152 157 159 160 161 162 165 166 170 171 174 175 177 182 185 187 191 192 193 194 198 203 205 207 211 216 219 220 221 223 224 228 234 236 237 238 243 245 246 247 248 250 252 253 254 260 262 263 266 272 273 274 276 278 279 283 286 287 289 293 295 296 300 302 305 308 312 313 315 316 320 321 327 330 331 332 335 342 344 349 358 359 362 363 364 366 370 372 375 376 383 389 396
V2:  3 12 22 28 31 32 35 43 59 62 65 66 70 81 87 99 102 105 109 111 117 125 132 142 144 148 149 161 171 174 175 187 191 193 198 203 207 211 216 219 221 224 234 236 238 243 245 246 247 262 263 272 274 276 279 283 289 296 300 308 316 320 321 327 331 335 342 344 366 370 376 389
V3:  3 32 59 66 70 99 105 117 125 132 142 148 174 187 191 193 198 207 211 243 262 263 279 283 300 316 331 366
gap: 0.544789
status: feasible
