obj: 4.000000 time: 0.012393 gap: 91.666667 iter: 86
obj: 2.000000 time: 0.038047 gap: 50.000000 iter: 223
obj: 1.000000 time: 0.079315 gap: 0.000000 iter: 820

obj: 1 time: 0.079508
V1:  0 5 6 14 16 17 19 20 23 26 28 30 33 35 36 40 48 49
V2:  5 16 17 19 20 28 35 36 40 49
V3:  5 17 19 20 28
gap: 0
status: feasible
