obj: 5.000000 time: 0.012942 gap: 60.000000 iter: 94
obj: 3.000000 time: 0.032470 gap: 33.333333 iter: 191

obj: 3 time: 0.041027
V1:  4 9 13 16 19 24 26 27 30 32 33 35 36 38 41 43 45 46 48
V2:  4 16 24 26 33 36 38 43 46 48
V3:  16 26 33 43 48
gap: 0
status: feasible
