obj: 16.000000 time: 0.022639 gap: 56.250000 iter: 188
obj: 12.000000 time: 0.069126 gap: 41.666667 iter: 349
obj: 11.000000 time: 0.123469 gap: 36.363636 iter: 468
obj: 10.000000 time: 0.187544 gap: 30.000000 iter: 1790
obj: 9.000000 time: 1.216937 gap: 11.659036 iter: 16294

obj: 9 time: 1.22055
V1:  5 6 11 16 19 22 23 25 31 32 33 35 38 41 44 45 50 53 55 57 58 60 63 64 71 73 74 75 77 78 81 82 84 87 89 90 91 93 98 99
V2:  5 6 22 32 35 44 45 55 60 63 64 73 77 78 84 89 93 98 99
V3:  5 6 22 44 55 60 63 73 84 89
gap: 0
status: feasible
