obj: 33.000000 time: 0.051676 gap: 71.558442 iter: 548
obj: 20.000000 time: 0.157541 gap: 50.245902 iter: 851
obj: 19.000000 time: 0.479769 gap: 45.972018 iter: 2040
obj: 18.000000 time: 0.602244 gap: 42.624939 iter: 2296
obj: 17.000000 time: 0.625362 gap: 39.219748 iter: 2346
obj: 15.000000 time: 0.805649 gap: 31.113956 iter: 2385
obj: 14.000000 time: 1.036699 gap: 25.925811 iter: 5885
obj: 13.000000 time: 2.785444 gap: 17.484430 iter: 30562

obj: 13 time: 10.7996
V1:  1 4 9 12 13 15 16 17 18 21 22 25 26 34 35 37 39 44 49 50 52 53 54 55 57 58 60 63 64 68 75 77 80 82 84 86 88 92 96 97 98 101 102 106 110 114 119 121 123 131 133 134 135 140 142 143 144 145 149 153 158 160 161 162 169 170 171 172 174 175 176 178 179 182 183 193 197 198 199
V2:  1 4 12 13 15 16 17 21 22 25 26 34 35 37 49 53 54 57 60 75 86 92 101 102 135 140 142 143 160 169 170 175 176 178 183 197 198 199
V3:  1 4 12 21 22 25 35 37 49 57 60 101 102 135 169 170 176
gap: 0
status: feasible
