obj: 2.000000 time: 0.006124 gap: 50.000000 iter: 52

obj: 1 time: 0.009929
V1:  0 3 9 10 11 17 19
V2:  0 3 11 17
V3:  0 11 17
gap: 0
status: feasible
