obj: 38.000000 time: 0.156629 gap: 81.770626 iter: 1228
obj: 25.000000 time: 0.305370 gap: 70.309340 iter: 1459
obj: 22.000000 time: 1.279548 gap: 59.855146 iter: 3366
obj: 19.000000 time: 8.984304 gap: 50.981666 iter: 28275
obj: 16.000000 time: 18.773160 gap: 40.738589 iter: 85172
obj: 15.000000 time: 21.763485 gap: 36.622101 iter: 108092
obj: 14.000000 time: 33.931841 gap: 31.373742 iter: 200344
obj: 13.000000 time: 349.637546 gap: 21.682546 iter: 2328224

obj: 13 time: 1199.96
V1:  1 5 10 15 16 20 22 23 24 27 30 32 36 37 45 49 50 52 53 54 55 56 61 64 67 69 72 74 77 78 80 81 86 88 89 90 91 96 99 100 102 104 106 111 114 118 119 120 124 127 129 131 135 137 140 141 142 143 144 147 155 157 158 165 167 168 170 171 173 174 176 177 183 185 189 190 193 194 195 196 197 198 199 204 205 207 210 211 214 215 218 225 231 237 239 241 242 247 249 250 253 254 255 257 262 263 266 268 274 276 279 284 286 290 298
V2:  1 10 22 23 24 36 37 49 55 56 61 64 67 69 78 80 81 88 89 104 106 111 114 119 124 127 135 141 142 155 168 170 171 173 174 185 190 195 196 198 199 205 215 218 237 241 242 247 250 254 257 262 266 274 276 279 284 286
V3:  24 55 64 67 69 81 88 89 104 111 119 127 155 170 171 174 199 205 215 242 247 276 279 284 286
gap: 0.187751
status: feasible
