obj: 78.000000 time: 0.310131 gap: 73.347410 iter: 2145
obj: 72.000000 time: 0.981670 gap: 67.791078 iter: 3338
obj: 62.000000 time: 5.724259 gap: 57.837444 iter: 10290
obj: 57.000000 time: 12.132151 gap: 54.031329 iter: 63469
obj: 45.000000 time: 16.196801 gap: 41.515367 iter: 84973
obj: 44.000000 time: 152.003609 gap: 37.613818 iter: 587564
obj: 43.000000 time: 290.185990 gap: 35.923654 iter: 1108758
obj: 42.000000 time: 394.232610 gap: 34.288035 iter: 1598689
obj: 41.000000 time: 509.242034 gap: 32.540258 iter: 2158816
obj: 40.000000 time: 1087.942448 gap: 30.573770 iter: 4906960
obj: 39.000000 time: 1094.241644 gap: 28.790270 iter: 4921086
obj: 38.000000 time: 1153.525097 gap: 26.907746 iter: 5003300

obj: 38 time: 1200.06
V1:  5 7 8 12 13 15 17 18 20 25 26 30 32 33 35 36 38 39 40 41 45 48 50 58 59 63 68 77 82 84 85 88 90 94 98 99 101 103 104 108 110 114 125 127 128 129 130 131 134 135 139 142 144 145 146 148 150 151 153 158 160 161 162 165 170 171 173 176 179 180 190 191 196 200 202 204 205 207 210 213 214 215 216 221 223 224 226 227 229 230 236 237 238 241 243 246 251 252 253 256 264 265 266 274 278 279 281 283 285 286 287 291 293 296 297 299 302 303 304 307 309 311 314 317 318 320 326 331 334 335 337 339 342 343 346 351 362 365 366 367 368 374 378 382 384 388 393 395 401 402 404 406 409 411 412 417 420 424 425 426 431 434 436 437 438 440 444 445 448 449 451 452 454 455 456 457 459 462 464 465 469 470 475 476 477 481 482 483 484 485 490 492 493 494 496 497
V2:  7 8 12 20 25 26 32 33 35 36 39 40 41 48 58 59 77 84 85 90 99 103 108 110 114 125 127 129 139 142 144 145 150 153 160 161 165 170 180 191 200 204 205 207 214 215 216 224 226 229 236 238 241 246 251 256 264 266 278 281 293 296 299 302 304 307 320 331 335 342 343 346 351 362 365 366 368 374 384 388 395 401 406 411 412 417 425 431 434 436 437 444 449 451 452 454 455 456 459 462 476 481 484 485 492 493 497
V3:  8 26 41 58 84 85 90 99 108 110 125 145 150 160 165 191 205 226 278 293 296 320 342 343 346 351 366 368 374 384 431 436 437 444 449 452 455 484 497
gap: 0.268933
status: feasible
