obj: 12.000000 time: 0.033255 gap: 78.571429 iter: 328
obj: 7.000000 time: 0.059829 gap: 57.142857 iter: 395
obj: 6.000000 time: 0.191685 gap: 44.750656 iter: 860
obj: 5.000000 time: 0.343100 gap: 28.571429 iter: 4128

obj: 5 time: 0.521852
V1:  0 8 10 11 13 14 15 17 19 22 23 25 28 31 33 37 40 45 49 53 56 61 66 67 68 73 76 80 81 84 86 92 94 95 96 97 99
V2:  11 13 15 17 22 23 31 33 37 53 56 61 67 68 73 76 86 94 97
V3:  11 13 15 22 23 31 56 61 68 73 76 86
gap: 0
status: feasible
