obj: 30.000000 time: 0.774099 gap: 95.133160 iter: 4091
obj: 28.000000 time: 1.597999 gap: 92.095130 iter: 4891
obj: 24.000000 time: 5.775317 gap: 88.193998 iter: 7766
obj: 22.000000 time: 12.009361 gap: 87.038158 iter: 54852
obj: 20.000000 time: 26.988470 gap: 84.536566 iter: 78352
obj: 19.000000 time: 45.699190 gap: 83.485390 iter: 144457
obj: 18.000000 time: 46.683624 gap: 82.520767 iter: 148401
obj: 16.000000 time: 88.159595 gap: 79.509942 iter: 329856
obj: 15.000000 time: 101.699873 gap: 78.141052 iter: 394941
obj: 14.000000 time: 128.189503 gap: 76.431491 iter: 526782
obj: 13.000000 time: 228.821808 gap: 74.237152 iter: 905806
obj: 12.000000 time: 287.394624 gap: 71.770313 iter: 1217064
obj: 11.000000 time: 469.419785 gap: 68.450937 iter: 2161612

obj: 11 time: 1199.74
V1:  0 7 8 9 10 13 14 16 22 24 28 34 35 36 41 44 52 53 54 56 57 59 70 71 72 75 79 82 83 85 86 87 88 89 93 94 104 105 108 110 111 118 120 121 122 130 131 134 137 140 142 151 152 157 163 165 166 169 172 173 174 177 178 188 191 202 207 209 213 214 215 219 220 221 222 223 224 225 227 228 229 230 231 236 240 243 248 249 256 261 263 264 267 269 275 278 282 284 290 291 293 294 296 297 301 304 307 308 312 313 314 316 317 320 322 323 324 325 329 330 332 336 337 338 342 344 345 347 355 356 358 359 362 363 364 367 368 371 372 373 380 381 382 386 388 392 393 394 398 399 400 404 406 408 409 414 415 417 418 421 422 423 425 427 432 434 437 439 443 444 445 446 450 452 454 461 462 466 467 469 478 481 482 483 484 485 487 488 489 490 492 497 499
V2:  0 7 8 13 24 28 35 36 41 53 56 70 71 72 86 88 104 108 110 120 121 130 140 142 151 152 157 165 173 177 188 214 215 221 223 225 228 249 261 275 278 282 284 290 293 294 297 307 312 313 317 320 325 332 336 342 355 362 364 367 368 371 372 373 386 398 399 400 404 415 417 418 422 432 437 446 454 462 466 478 481 482 484 488
V3:  7 8 41 53 56 70 71 72 88 140 151 152 177 188 214 215 221 223 228 261 278 282 284 294 320 332 342 362 364 367 373 398 417 418 432 437 446 462 481 482 484
gap: 0.6744
status: feasible
