obj: 9.000000 time: 0.007380 gap: 55.555556 iter: 55
obj: 5.000000 time: 0.011053 gap: 20.000000 iter: 66

obj: 5 time: 0.012962
V1:  0 3 8 9 15 16 18 19
V2:  0 8 15 16 19
V3:  0 8 15 16
gap: 0
status: feasible
