obj: 4.000000 time: 0.013191 gap: 100.000000 iter: 102
obj: 3.000000 time: 0.045895 gap: 66.666667 iter: 329
obj: 2.000000 time: 0.092024 gap: 0.000000 iter: 1194

obj: 2 time: 0.092241
V1:  0 2 7 8 9 10 11 13 18 19 23 24 30 37 42 44 45 49
V2:  8 9 10 13 24 30 44 45 49
V3:  9 10 13 24 30 44 49
gap: 0
status: feasible
