obj: 13.000000 time: 0.011724 gap: 45.192308 iter: 135
obj: 11.000000 time: 0.058146 gap: 23.051948 iter: 539
obj: 10.000000 time: 0.085914 gap: 15.000000 iter: 1117

obj: 10 time: 0.095013
V1:  5 8 10 12 14 16 18 20 23 27 29 30 35 38 41 43 44 46
V2:  8 10 12 16 20 23 27 29 30 35 41 43 44 46
V3:  10 12 23 27 29 30 35 41 43 44
gap: 0
status: feasible
