obj: 95.000000 time: 0.121162 gap: 56.315789 iter: 1255
obj: 69.000000 time: 3.641983 gap: 20.630642 iter: 12357
obj: 67.000000 time: 5.735641 gap: 18.137853 iter: 31337
obj: 66.000000 time: 6.592678 gap: 16.836970 iter: 40196
obj: 64.000000 time: 14.879411 gap: 12.560974 iter: 63361
obj: 63.000000 time: 114.719303 gap: 10.222112 iter: 962725
obj: 62.000000 time: 181.646234 gap: 8.469742 iter: 1548679
obj: 59.000000 time: 189.969257 gap: 3.815129 iter: 1550460

obj: 59 time: 476.178
V1:  1 3 5 6 7 8 11 12 13 16 18 23 24 32 36 37 39 43 44 45 53 55 56 65 67 68 71 74 78 81 83 86 87 93 94 96 99 104 108 109 110 112 113 114 115 117 120 122 126 128 130 133 140 142 143 146 148 150 153 155 164 172 173 176 177 179 180 181 182 183 184 185 189 194 195 197 200 206 207 209 210 213 215 217 220 221 222 228 231 232 233 235 238 242 243 244 245 251 252 257 258 259 264 271 275 279 281 284 290 291 292 294 295 296 304 311 317 318 320 322 323 324 326 328 330 331 335 336 340 343 344 350 351 352 355 356 357 358 359 362 363 365 366 370 371 376 377 379 380 383 385 386 389 392 394 396 397 399
V2:  1 5 6 11 12 23 24 32 36 37 39 43 44 45 55 67 68 83 87 99 104 108 109 110 112 113 114 115 117 126 128 130 133 140 142 143 153 155 176 177 180 181 182 194 195 197 206 207 209 210 213 215 217 221 222 228 231 232 238 243 244 245 251 259 264 271 281 284 290 294 295 296 304 317 318 323 324 328 330 331 335 343 344 351 352 355 357 358 362 365 371 376 383 385 386 389 392 396 397
V3:  5 6 11 12 32 37 67 68 104 110 112 130 143 155 210 213 215 217 221 231 238 243 244 245 271 281 290 294 296 304 318 328 330 335 343 344 355 362 371 376 385 386 389 396
gap: 0
status: feasible
