obj: 3.000000 time: 0.006836 gap: 33.333333 iter: 52

obj: 2 time: 0.007969
V1:  0 1 4 5 7 19 20 27 28 29
V2:  0 1 19 20 28 29
V3:  0 1 19 20 28 29
gap: 0
status: feasible
