obj: 1.000000 time: 0.006956 gap: 100.000000 iter: 47

obj: 1 time: 0.019209
V1:  0 1 5 6 9 14 17 18
V2:  1 5 9
V3:  1 5
gap: 0
status: feasible
