obj: 10.000000 time: 0.022346 gap: 85.000000 iter: 224
obj: 5.000000 time: 0.042421 gap: 70.000000 iter: 317
obj: 4.000000 time: 0.120223 gap: 62.500000 iter: 1194
obj: 3.000000 time: 0.215889 gap: 50.000000 iter: 3809

obj: 3 time: 0.243694
V1:  0 1 2 5 6 7 8 9 12 15 20 22 23 30 32 38 41 43 44 47 49 51 53 57 61 64 65 66 67 78 79
V2:  1 2 8 12 15 20 30 32 38 47 51 53 64 67 78
V3:  1 32 38 64 67 78
gap: 0
status: feasible
