obj: 5.000000 time: 0.006898 gap: 40.000000 iter: 46
obj: 4.000000 time: 0.015444 gap: 25.000000 iter: 101

obj: 4 time: 0.018995
V1:  2 7 9 11 15 17 18 19
V2:  2 7 9 11 15 17
V3:  7 9
gap: 0
status: feasible
