obj: 53.000000 time: 0.102500 gap: 65.993857 iter: 1059
obj: 51.000000 time: 0.448264 gap: 61.512334 iter: 2367
obj: 35.000000 time: 1.706505 gap: 35.762722 iter: 5814
obj: 33.000000 time: 9.256464 gap: 28.768832 iter: 41783
obj: 32.000000 time: 23.114536 gap: 25.289834 iter: 132892
obj: 31.000000 time: 23.127229 gap: 22.879829 iter: 132929
obj: 28.000000 time: 24.431007 gap: 14.561269 iter: 140659
obj: 27.000000 time: 89.309930 gap: 9.435415 iter: 627950

obj: 27 time: 895.166
V1:  2 4 5 9 11 12 13 15 17 20 21 26 32 33 34 36 38 39 42 45 49 50 52 54 55 58 59 60 61 62 67 68 69 75 79 81 82 84 85 87 90 92 94 101 103 109 111 114 115 116 117 119 125 126 127 129 132 133 134 137 142 147 151 152 155 158 160 161 163 165 167 168 169 173 179 180 183 184 185 186 187 190 192 193 199 201 205 206 208 212 216 226 228 236 238 239 240 246 247 251 255 257 259 264 266 269 275 277 281 282 283 288 289 293 294 295 296 298 299
V2:  2 4 12 17 20 26 32 33 36 38 39 42 45 49 58 60 61 62 75 79 84 85 90 94 103 109 111 114 119 127 129 133 137 151 152 161 165 167 168 169 173 185 186 187 201 212 226 228 236 239 240 246 255 257 264 269 277 281 283 288 289 293 295 299
V3:  17 20 32 38 39 42 49 58 61 62 90 111 133 152 173 185 236 240 246 257 264 269 277 288 293
gap: 0
status: feasible
