obj: 27.000000 time: 0.173387 gap: 97.221231 iter: 1216
obj: 18.000000 time: 0.462248 gap: 93.042375 iter: 1506
obj: 15.000000 time: 1.338192 gap: 90.696492 iter: 1976
obj: 12.000000 time: 3.009236 gap: 87.039740 iter: 15260
obj: 9.000000 time: 4.196857 gap: 82.351144 iter: 21128
obj: 7.000000 time: 45.808011 gap: 69.428207 iter: 291391
obj: 6.000000 time: 189.835574 gap: 60.424716 iter: 1503508

obj: 6 time: 1200.03
V1:  1 2 3 5 8 11 14 16 18 19 28 32 33 34 35 37 40 42 44 45 46 47 48 50 63 65 66 71 72 73 76 77 78 79 80 85 86 87 89 91 92 100 107 110 113 117 119 120 122 124 127 130 140 144 145 147 153 155 159 160 161 162 163 177 178 180 182 186 187 189 190 191 195 196 198 201 203 205 207 209 214 217 219 221 222 224 225 226 227 228 229 231 233 235 238 240 241 245 249 250 253 255 258 261 262 263 264 268 269 276 280 283 287 288 289 290 292 293 295 297 299
V2:  1 8 11 14 32 33 37 63 71 76 79 85 92 100 110 113 117 119 120 122 124 145 147 190 191 196 209 214 224 226 228 229 233 235 249 255 258 262 269 280 287 288 289 290 292 299
V3:  8 14 32 37 63 76 79 100 124 145 209 214 226 280 287 290 292 299
gap: 0.530542
status: feasible
