obj: 12.000000 time: 0.010825 gap: 61.458333 iter: 127
obj: 8.000000 time: 0.030200 gap: 36.692708 iter: 281

obj: 6 time: 0.039266
V1:  1 2 4 6 8 9 12 13 15 20 22 32 34 38 40 44 46 47
V2:  1 2 4 6 8 12 22 38 40 46 47
V3:  1 2 4 6 12 22 40 46 47
gap: 0
status: feasible
