obj: 28.000000 time: 0.267090 gap: 95.971420 iter: 1659
obj: 25.000000 time: 0.945095 gap: 94.454737 iter: 2312
obj: 18.000000 time: 3.612977 gap: 89.919724 iter: 4234
obj: 17.000000 time: 16.079423 gap: 88.367030 iter: 49077
obj: 15.000000 time: 24.700596 gap: 86.606769 iter: 76879
obj: 10.000000 time: 26.949805 gap: 79.858905 iter: 83018
obj: 9.000000 time: 896.512341 gap: 69.782132 iter: 5472799

obj: 9 time: 1200.06
V1:  0 1 6 8 10 15 22 25 26 28 29 36 40 41 42 45 49 51 53 59 60 63 64 65 66 71 73 83 92 98 99 101 103 107 110 111 113 114 119 120 121 124 125 130 131 132 135 136 138 143 145 146 153 154 155 156 158 160 162 166 167 168 169 170 171 179 181 183 185 192 193 195 196 197 199 205 209 210 216 218 220 225 228 229 233 234 236 244 245 246 247 248 249 250 252 253 255 258 259 261 262 265 266 269 272 282 286 293 300 302 304 305 306 311 312 314 316 318 320 323 326 327 329 330 331 332 333 334 337 340 341 344 346 353 355 356 357 364 365 366 367 368 370 376 378 380 382 385 386 387 388 391 392
V2:  6 8 15 22 26 28 36 42 45 51 53 60 63 66 71 73 83 98 101 107 125 135 136 154 155 158 162 167 168 170 181 183 192 195 196 216 218 220 225 236 244 248 249 250 255 262 266 269 282 286 302 305 306 311 314 318 326 327 334 344 346 353 356 357 364 365 366 368 376 378 380 382 385 386 387
V3:  6 26 51 53 71 73 98 107 125 136 167 168 181 183 216 218 220 225 244 249 255 266 334 344 353 365 376 387
gap: 0.69303
status: feasible
