obj: 8.000000 time: 0.006808 gap: 75.000000 iter: 84
obj: 4.000000 time: 0.011399 gap: 50.000000 iter: 96

obj: 3 time: 0.023348
V1:  0 2 5 9 10 14 16 17 22 24 27
V2:  2 5 9 10 14 22
V3:  2 5 10 14 22
gap: 0
status: feasible
