obj: 5.000000 time: 0.009911 gap: 20.000000 iter: 80

obj: 5 time: 0.012413
V1:  1 2 4 5 6 7 10 12 13 15 21 22 24 25 29 31 32 42 49
V2:  1 4 10 12 13 22 25 29 31 32
V3:  4 13 22 25 29 31 32
gap: 0
status: feasible
