obj: 27.000000 time: 0.111441 gap: 82.396161 iter: 1164
obj: 26.000000 time: 0.475606 gap: 75.320057 iter: 2396
obj: 21.000000 time: 1.865488 gap: 65.991380 iter: 4976
obj: 18.000000 time: 8.348103 gap: 58.576341 iter: 35516
obj: 17.000000 time: 12.271089 gap: 55.287885 iter: 55609
obj: 14.000000 time: 13.326074 gap: 45.685522 iter: 58536
obj: 13.000000 time: 257.636366 gap: 35.437368 iter: 1907587
obj: 12.000000 time: 258.463397 gap: 30.026770 iter: 1912898

obj: 12 time: 1200.22
V1:  1 2 4 6 10 11 15 19 21 22 24 27 30 34 40 44 45 47 50 51 53 54 55 57 58 59 61 63 64 67 70 71 73 75 79 83 85 87 89 90 91 94 96 98 99 100 101 102 104 106 109 111 113 118 121 127 128 129 134 135 139 140 145 149 150 153 154 161 164 165 166 168 172 174 178 179 180 181 186 187 188 190 191 193 201 203 207 210 213 218 220 224 230 233 234 239 240 242 243 247 252 254 258 259 260 262 263 264 265 275 281 283 285 288 290 295
V2:  1 4 6 19 27 34 44 53 54 55 57 58 59 63 64 70 79 83 89 94 96 98 100 102 111 121 128 129 134 149 150 153 154 161 165 168 172 174 178 180 181 187 190 191 193 201 207 210 213 218 220 234 240 243 252 260 265 285 290
V3:  34 53 55 57 70 79 89 98 100 102 111 121 128 134 149 172 174 178 191 213 240
gap: 0.252537
status: feasible
