obj: 4.000000 time: 0.006209 gap: 50.000000 iter: 42

obj: 4 time: 0.019227
V1:  1 3 7 9 10 12 15 18
V2:  1 7 9 15 18
V3:  7 9 18
gap: 0
status: feasible
