obj: 5.000000 time: 0.013526 gap: 60.000000 iter: 81

obj: 2 time: 0.037257
V1:  0 6 11 12 14 15 17 19 20 24 26 28 29 30 33 36 38 41 43 49
V2:  0 17 19 20 26 33 43 49
V3:  0 20 26 43
gap: 0
status: feasible
