obj: 32.000000 time: 0.285212 gap: 97.640594 iter: 1645
obj: 26.000000 time: 0.881401 gap: 93.367684 iter: 2417
obj: 18.000000 time: 3.538464 gap: 89.206003 iter: 4069
obj: 15.000000 time: 6.684497 gap: 86.823037 iter: 25822
obj: 14.000000 time: 24.124627 gap: 85.059591 iter: 62314
obj: 11.000000 time: 26.825080 gap: 80.698579 iter: 71397
obj: 10.000000 time: 90.498592 gap: 76.272341 iter: 428400
obj: 9.000000 time: 129.105020 gap: 73.094709 iter: 649814
obj: 8.000000 time: 351.589806 gap: 67.790313 iter: 1959559

obj: 8 time: 1200.04
V1:  1 5 6 7 8 10 11 14 15 16 17 21 24 38 43 46 47 49 52 53 55 62 64 65 66 69 73 75 83 85 86 90 91 93 97 100 102 103 104 106 107 111 114 115 117 118 119 120 122 124 125 127 128 129 130 132 133 134 136 138 139 140 141 157 158 160 161 162 163 167 169 174 177 181 182 183 184 185 186 189 191 193 196 201 203 205 206 209 213 214 215 216 219 222 227 229 230 232 236 239 240 247 254 256 259 261 262 263 264 266 280 281 282 288 293 298 300 304 306 308 309 311 317 318 320 327 330 331 332 334 335 336 345 347 351 352 353 356 357 358 361 363 364 366 367 368 371 374 376 379 380 382 386 387 388 392 394 396 397 398 399
V2:  1 6 8 10 11 15 46 47 49 53 62 65 69 85 91 97 107 114 115 117 119 125 128 130 132 136 138 141 157 158 162 169 177 181 182 183 193 206 213 222 230 240 247 254 256 259 262 266 280 298 309 331 334 335 336 345 347 351 356 367 374 376 379 382 397
V3:  1 11 46 53 62 97 114 119 125 141 157 177 182 183 193 222 262 336 347 356 382
gap: 0.63771
status: feasible
