obj: 8.000000 time: 0.028097 gap: 56.250000 iter: 233
obj: 6.000000 time: 0.133931 gap: 27.777778 iter: 648
obj: 5.000000 time: 0.497761 gap: 0.000000 iter: 8960

obj: 5 time: 0.498144
V1:  3 6 8 11 16 18 26 29 31 32 34 39 43 45 46 52 54 56 60 61 62 63 66 68 69 70 71 72 74 76 77 81 82 83 84 88 90
V2:  8 11 18 26 29 32 34 39 45 52 54 60 66 68 71 72 74 76 88 90
V3:  8 18 29 32 45 54 66 71 76 88 90
gap: 0
status: feasible
