obj: 113.000000 time: 0.154753 gap: 77.863303 iter: 1452
obj: 76.000000 time: 0.348815 gap: 64.361491 iter: 1997
obj: 73.000000 time: 0.519733 gap: 61.103652 iter: 2651
obj: 51.000000 time: 3.318893 gap: 36.428714 iter: 8514
obj: 49.000000 time: 18.679487 gap: 32.456738 iter: 51513
obj: 48.000000 time: 86.674227 gap: 30.187736 iter: 419805
obj: 46.000000 time: 149.044652 gap: 27.006358 iter: 674081
obj: 45.000000 time: 150.711166 gap: 25.370693 iter: 683209
obj: 44.000000 time: 159.528078 gap: 23.653701 iter: 738399
obj: 43.000000 time: 219.867162 gap: 21.692431 iter: 1115969
obj: 42.000000 time: 1125.284336 gap: 18.551640 iter: 6101244

obj: 42 time: 1199.99
V1:  0 1 2 3 5 7 8 10 11 12 13 15 16 17 19 21 22 23 28 29 30 31 34 41 43 45 50 52 57 58 66 71 73 74 75 76 77 78 82 83 85 90 99 100 103 105 106 108 110 111 115 116 121 122 123 124 127 129 132 133 135 137 138 139 141 142 144 149 150 152 154 157 159 161 162 166 167 169 171 173 174 179 185 187 189 190 197 199 200 201 202 204 205 209 215 219 221 223 225 227 230 231 233 234 237 239 247 249 250 254 255 257 258 261 265 269 272 273 275 276 280 289 294 301 304 306 307 308 313 314 315 317 319 322 325 330 332 335 336 338 342 344 345 349 356 358 371 372 373 374 375 377 378 379 383 386 390 392 396 397 399
V2:  1 5 8 12 13 15 22 23 28 29 30 31 41 50 57 58 66 71 73 76 77 99 100 103 105 106 108 110 115 121 122 129 137 139 142 149 150 152 157 159 166 167 169 179 187 190 197 200 204 205 215 225 227 233 234 237 239 247 250 254 255 257 261 269 272 276 289 294 304 307 308 313 314 315 317 330 342 345 371 373 374 377 378 392 396 397 399
V3:  1 5 23 30 57 71 99 100 115 129 137 149 150 157 169 179 197 200 215 225 233 250 255 261 276 289 294 308 315 342 373 374 392
gap: 0.184868
status: feasible
