obj: 20.000000 time: 0.022125 gap: 55.000000 iter: 263
obj: 17.000000 time: 0.119616 gap: 41.695502 iter: 712
obj: 15.000000 time: 0.181575 gap: 33.921569 iter: 2044
obj: 14.000000 time: 0.277799 gap: 29.201681 iter: 4435
obj: 13.000000 time: 2.286778 gap: 15.025333 iter: 24515
obj: 12.000000 time: 2.675646 gap: 0.000000 iter: 31104

obj: 12 time: 2.67603
V1:  0 6 9 15 16 19 21 22 23 24 25 26 27 28 29 31 34 40 41 42 44 45 46 47 48 50 56 60 63 68 69 71 73 75 81 82 83 85 88 90 99
V2:  0 6 15 16 22 26 28 29 31 42 45 47 60 69 71 73 81 82 83 85 88 90 99
V3:  15 26 29 47 69 82 99
gap: 0
status: feasible
