obj: 24.000000 time: 0.053779 gap: 58.333333 iter: 508
obj: 23.000000 time: 0.310030 gap: 53.354997 iter: 2116
obj: 19.000000 time: 0.925366 gap: 38.191178 iter: 3886
obj: 18.000000 time: 1.354546 gap: 34.490343 iter: 8929
obj: 17.000000 time: 1.364782 gap: 30.636834 iter: 9107
obj: 15.000000 time: 10.669610 gap: 17.563211 iter: 102949
obj: 14.000000 time: 90.591854 gap: 7.142857 iter: 956212

obj: 14 time: 92.5388
V1:  0 2 4 10 15 17 20 22 25 26 28 30 33 35 39 41 42 46 48 49 53 54 55 56 57 59 65 66 69 76 80 81 82 84 87 90 93 95 98 102 106 107 108 109 112 114 115 119 123 124 125 127 128 129 130 132 134 135 143 144 150 151 152 158 159 164 165 166 168 173 174 175 182 187 189 192 198 199
V2:  0 4 17 20 22 26 30 33 39 41 48 57 59 65 69 76 82 87 93 98 102 107 108 109 124 125 127 128 130 132 143 144 150 152 159 165 173 175 187 189 192 198 199
V3:  20 22 26 30 59 69 87 107 109 124 127 132 150 165 175
gap: 0
status: feasible
