obj: 9.000000 time: 0.027454 gap: 69.444444 iter: 283
obj: 6.000000 time: 0.239572 gap: 46.017015 iter: 1111
obj: 5.000000 time: 0.497942 gap: 31.466667 iter: 6978

obj: 5 time: 1.01222
V1:  0 5 7 8 9 12 14 15 17 18 20 21 30 33 39 41 44 54 55 56 57 62 63 64 65 67 69 71 74 77 78 81 87 88 91 92 99
V2:  5 7 20 21 30 33 39 41 44 55 56 63 67 69 71 74 87 88 92
V3:  5 7 21 33 41 55 56 67 69 71 87 92
gap: 0
status: feasible
