obj: 3.000000 time: 0.009286 gap: 83.333333 iter: 56
obj: 2.000000 time: 0.014444 gap: 75.000000 iter: 69

obj: 1 time: 0.021774
V1:  2 5 6 10 16 19 24 26 27 28
V2:  5 6 10 16 19 24 27 28
V3:  5 16 24
gap: 0
status: feasible
