obj: 85.000000 time: 0.185659 gap: 70.098039 iter: 1697
obj: 73.000000 time: 0.711975 gap: 59.426825 iter: 3317
obj: 51.000000 time: 5.032415 gap: 32.504647 iter: 13187
obj: 49.000000 time: 20.707680 gap: 28.658056 iter: 52411
obj: 48.000000 time: 62.389085 gap: 26.345693 iter: 233970
obj: 47.000000 time: 102.408402 gap: 24.566492 iter: 432703
obj: 45.000000 time: 110.814856 gap: 21.199655 iter: 480509
obj: 44.000000 time: 130.564077 gap: 19.389953 iter: 524097
obj: 43.000000 time: 1094.383965 gap: 14.937245 iter: 5167876
obj: 42.000000 time: 1161.685757 gap: 12.894379 iter: 5281732

obj: 42 time: 1200.05
V1:  4 5 6 7 8 14 15 19 22 23 29 37 38 40 43 45 50 55 58 59 60 61 69 72 73 79 80 82 83 85 88 89 93 94 97 98 101 104 106 107 108 113 115 119 121 124 125 127 131 134 135 136 138 140 141 146 147 150 151 153 156 157 158 159 163 165 166 170 171 178 180 183 184 186 191 192 195 196 197 199 201 202 203 205 208 209 213 215 216 217 219 224 225 227 228 236 238 240 242 245 248 252 257 259 260 265 267 269 270 272 273 276 281 282 286 287 293 295 296 298 299 301 302 305 307 311 314 317 320 321 322 326 333 335 337 342 344 346 349 355 359 360 362 364 366 367 386 392 398 399 400 401 409 415 418 420 422 424 427 432 433 434 435 437 438 442 443 445 448 450 452 453 456 460 461 464 465 466 469 470 472 473 475 477 483 485 486 488 489 491 492 495 496 499
V2:  4 5 7 8 19 22 23 37 45 50 55 59 60 83 85 88 89 93 97 106 108 115 119 125 131 134 135 136 140 141 147 150 153 156 158 159 165 170 178 183 191 192 196 197 199 201 205 208 213 216 240 242 245 248 252 257 260 272 273 281 282 286 287 293 295 296 298 299 311 314 320 335 337 344 346 359 360 364 366 398 400 401 415 418 420 422 432 434 435 445 448 450 456 464 465 466 469 472 475 483 486 488 491 495
V3:  5 7 22 23 37 45 55 59 83 88 93 97 115 125 131 135 147 150 158 165 197 208 216 240 242 245 248 272 281 287 293 296 298 320 346 366 415 418 420 432 445 448 456 464 465 472 483 486 491 495
gap: 0.128773
status: feasible
