obj: 20.000000 time: 0.083676 gap: 88.392857 iter: 714
obj: 13.000000 time: 0.227129 gap: 80.647815 iter: 925
obj: 12.000000 time: 0.429163 gap: 78.949005 iter: 1108
obj: 8.000000 time: 0.698780 gap: 67.965047 iter: 4938
obj: 7.000000 time: 0.717958 gap: 63.388626 iter: 5215
obj: 6.000000 time: 10.706045 gap: 43.855932 iter: 86093
obj: 5.000000 time: 10.853977 gap: 32.559140 iter: 87294

obj: 5 time: 28.8777
V1:  2 7 10 11 14 15 20 26 30 32 33 35 36 40 42 43 49 50 53 55 59 61 64 68 69 73 74 75 76 78 80 87 88 91 93 94 95 97 101 103 104 105 106 108 111 113 116 117 118 122 124 130 131 146 148 149 150 151 152 162 166 169 172 173 174 175 181 182 183 184 185 187 190 193 199
V2:  2 10 11 15 20 35 36 40 42 49 55 61 64 69 74 75 80 87 88 91 94 95 97 108 116 117 124 130 131 146 149 150 151 169 172 173 185 190 193 199
V3:  15 35 36 42 49 64 69 94 95 108 131 146 150 169 199
gap: 0
status: feasible
