obj: 7.000000 time: 0.008015 gap: 50.000000 iter: 91
obj: 6.000000 time: 0.014843 gap: 38.557214 iter: 155
obj: 5.000000 time: 0.067164 gap: 0.000000 iter: 568

obj: 5 time: 0.067386
V1:  2 3 6 9 12 13 16 20 22 27 29
V2:  2 3 6 9 13 16 20 22 27 29
V3:  20 22 27
gap: 0
status: feasible
