obj: 7.000000 time: 0.007645 gap: 50.000000 iter: 65

obj: 5 time: 0.024929
V1:  4 6 7 12 14 16 19 20 24 25 27 29
V2:  4 14 24 25 27 29
V3:  4 14 24 27 29
gap: 0
status: feasible
