obj: 36.000000 time: 0.063781 gap: 82.398908 iter: 730
obj: 24.000000 time: 0.136425 gap: 71.415007 iter: 897
obj: 22.000000 time: 0.501245 gap: 59.099905 iter: 2244
obj: 17.000000 time: 1.052492 gap: 44.791247 iter: 3106
obj: 16.000000 time: 5.232047 gap: 39.357724 iter: 31871
obj: 15.000000 time: 7.298245 gap: 34.635291 iter: 43332
obj: 14.000000 time: 7.729954 gap: 29.710528 iter: 47771
obj: 13.000000 time: 178.040940 gap: 15.943657 iter: 1647265
obj: 12.000000 time: 563.352232 gap: 0.000000 iter: 5184397

obj: 12 time: 563.354
V1:  4 6 12 14 15 16 20 22 24 27 28 29 30 33 36 37 39 40 41 42 51 53 54 58 60 65 67 80 81 86 88 94 97 98 99 102 103 105 106 109 110 113 117 118 119 121 122 124 126 129 134 136 138 139 141 148 151 155 156 159 167 168 169 171 172 174 181 186 188 189 191 192 194 195 196 197 199
V2:  6 12 14 15 22 24 27 29 33 37 42 51 53 60 80 81 86 98 99 103 105 106 113 117 119 122 126 129 136 141 159 168 169 171 181 186 188 191 192 194 195 197
V3:  6 12 22 27 37 81 98 113 119 122 129 136 181 186 192 194
gap: 0
status: feasible
