obj: 11.000000 time: 0.011101 gap: 45.454545 iter: 154
obj: 8.000000 time: 0.023026 gap: 20.833333 iter: 226

obj: 7 time: 0.036298
V1:  3 4 7 8 9 11 13 15 18 19 20 22 23 29 30 31 36 37 40
V2:  4 7 8 9 11 20 22 23 29 30 36 37
V3:  7 9 20 22 23 29 30
gap: 0
status: feasible
