obj: 31.000000 time: 0.275412 gap: 96.705458 iter: 1803
obj: 24.000000 time: 0.838494 gap: 93.205038 iter: 2554
obj: 18.000000 time: 4.548857 gap: 86.348022 iter: 6167
obj: 15.000000 time: 7.785285 gap: 83.118634 iter: 26462
obj: 13.000000 time: 7.844784 gap: 80.521501 iter: 26935
obj: 12.000000 time: 9.898793 gap: 78.878460 iter: 34703
obj: 11.000000 time: 132.726863 gap: 73.216618 iter: 555838
obj: 10.000000 time: 134.964627 gap: 70.385774 iter: 569100

obj: 10 time: 1200.1
V1:  7 8 9 10 12 13 15 16 18 20 23 28 31 32 34 38 39 40 42 43 46 49 50 51 57 58 60 62 66 67 70 72 73 74 78 79 83 84 85 86 88 97 98 99 100 101 102 103 106 107 109 110 111 117 124 125 126 127 128 130 140 142 147 150 151 152 153 156 157 160 163 166 168 169 170 173 178 180 183 186 188 190 191 194 195 197 200 202 208 209 216 219 220 222 228 230 231 235 236 237 239 241 242 244 248 253 254 255 257 263 267 268 269 271 274 276 277 278 283 284 289 293 295 300 307 310 311 312 314 316 319 320 322 325 326 331 332 333 338 339 347 353 354 355 359 366 371 381 382 384 388 390 391 392 393 394 398
V2:  12 15 18 28 31 34 38 42 50 60 70 72 79 84 85 86 99 102 107 109 110 111 117 127 140 153 157 166 168 178 186 190 191 195 200 202 220 222 230 235 236 237 241 242 244 253 255 263 271 278 283 293 295 300 310 314 322 333 338 353 354 371 388 392
V3:  12 15 28 34 38 42 50 70 72 79 84 85 86 102 107 109 110 157 190 191 195 200 220 222 230 241 263 293 295 300 333 371
gap: 0.659938
status: feasible
