obj: 20.000000 time: 0.426697 gap: 122.232681 iter: 2852
obj: 11.000000 time: 1.629120 gap: 135.952918 iter: 3579
obj: 8.000000 time: 4.755687 gap: 147.554468 iter: 27027
obj: 6.000000 time: 15.518351 gap: 159.615309 iter: 48551
obj: 4.000000 time: 66.573425 gap: 178.467748 iter: 466017
obj: 3.000000 time: 119.923939 gap: 199.811210 iter: 952478

obj: 3 time: 1199.07
V1:  4 6 8 9 11 12 13 16 18 19 25 29 30 33 35 37 38 44 45 46 48 50 56 59 60 62 63 65 66 68 69 75 77 80 87 90 91 92 95 97 98 101 105 106 107 111 112 117 118 119 120 126 128 131 132 135 137 150 157 160 168 170 171 174 179 181 182 184 188 189 191 193 194 199 200 201 203 204 210 214 218 219 221 223 224 226 227 229 231 234 239 240 243 250 251 253 257 259 271 274 282 284 291 292 297 298 299 300 303 304 305 306 307 311 314 317 319 320 321 322 324 325 330 333 335 338 339 340 344 345 347 348 349 350 351 352 358 359 360 361 365 366 367 370 373 374 375 383 391 394 395 396
V2:  13 19 25 38 45 46 60 69 75 77 80 90 91 95 105 106 112 118 119 126 128 137 150 160 170 182 189 194 199 203 218 219 227 231 234 250 253 257 274 291 297 299 300 306 307 311 314 317 319 321 324 333 335 338 344 347 348 350 351 359 365 373 374 383 396
V3:  13 19 46 77 95 105 106 118 128 150 170 182 199 219 227 231 234 253 274 297 300 307 311 314 317 319 321 324 333 338 344 348 359 374
gap: 1.83877
status: feasible
