obj: 45.000000 time: 0.103177 gap: 68.821307 iter: 918
obj: 39.000000 time: 0.578798 gap: 58.758147 iter: 2115
obj: 31.000000 time: 1.892512 gap: 44.756761 iter: 5137
obj: 28.000000 time: 3.016362 gap: 38.248943 iter: 16273
obj: 26.000000 time: 3.697798 gap: 33.479419 iter: 22285
obj: 25.000000 time: 33.637251 gap: 29.027543 iter: 285593
obj: 24.000000 time: 75.933118 gap: 25.281429 iter: 661954
obj: 23.000000 time: 360.131186 gap: 19.148701 iter: 2747995
obj: 22.000000 time: 1184.673036 gap: 13.746670 iter: 8423340

obj: 22 time: 1200.04
V1:  3 5 7 10 14 15 17 23 30 32 34 37 43 44 45 47 52 54 55 59 65 66 70 71 72 76 77 80 89 92 95 104 111 112 114 117 119 121 122 123 130 132 135 137 140 141 142 147 149 151 153 154 155 157 159 161 163 164 165 168 169 172 173 175 176 178 179 180 182 184 188 189 193 197 199 200 206 208 209 210 211 215 217 219 222 223 226 227 229 234 235 249 251 253 256 257 260 262 263 265 266 267 268 270 271 276 278 279 280 281 285 287 295 296 297 299
V2:  5 14 15 17 23 32 34 37 45 52 54 55 65 66 71 72 76 77 104 111 114 121 122 123 135 137 140 147 149 151 153 154 159 163 168 169 172 173 179 180 184 188 193 199 200 206 208 209 215 217 227 229 235 251 257 263 265 270 276 280 285 287 295 296 297
V3:  15 32 37 45 52 54 66 114 121 122 123 135 137 168 169 173 193 199 208 229 251 263 287 296 297
gap: 0.137283
status: feasible
