obj: 9.000000 time: 0.008207 gap: 69.444444 iter: 68
obj: 6.000000 time: 0.017767 gap: 40.495726 iter: 138
obj: 5.000000 time: 0.023898 gap: 26.877076 iter: 169

obj: 4 time: 0.056363
V1:  1 2 4 5 6 7 8 10 15 17 21 27
V2:  1 2 6 7 8 10 15 27
V3:  8 27
gap: 0
status: feasible
