obj: 82.000000 time: 0.217586 gap: 70.156952 iter: 1976
obj: 79.000000 time: 0.797868 gap: 66.118322 iter: 3243
obj: 62.000000 time: 5.455153 gap: 51.077184 iter: 11766
obj: 56.000000 time: 9.899147 gap: 45.635700 iter: 48646
obj: 52.000000 time: 10.103238 gap: 41.453830 iter: 50972
obj: 45.000000 time: 12.541887 gap: 32.346504 iter: 67103
obj: 44.000000 time: 27.033526 gap: 29.047839 iter: 84135
obj: 42.000000 time: 214.906364 gap: 24.361612 iter: 1233845
obj: 41.000000 time: 803.910553 gap: 20.850083 iter: 5128966

obj: 41 time: 1200.02
V1:  2 3 6 8 9 11 23 28 29 30 32 33 35 36 37 39 41 42 44 45 46 47 49 57 58 59 60 62 66 67 70 73 74 76 81 82 88 89 90 91 94 97 98 102 105 112 113 117 118 119 120 123 126 130 131 134 138 140 141 143 151 153 154 156 158 161 162 164 167 168 171 173 177 178 181 183 186 187 188 192 196 197 200 202 204 208 213 214 222 223 224 228 231 234 235 237 240 245 249 251 252 254 256 258 261 262 263 264 268 269 271 273 276 278 281 282 285 288 289 296 299 303 305 307 308 312 316 323 324 325 327 332 333 337 338 339 344 348 349 355 357 358 361 368 372 374 378 379 380 384 387 389 390 394 395 400 401 405 408 409 410 411 412 413 416 420 424 427 430 432 433 434 436 437 438 439 440 441 444 445 449 453 454 456 462 470 471 472 474 475 479 480 484 488 489 493 498
V2:  2 3 9 11 23 28 29 30 32 33 35 36 39 41 46 47 57 62 66 70 73 76 89 91 97 113 117 118 126 131 134 143 154 156 158 171 181 183 186 187 188 204 208 213 223 224 237 240 254 256 258 262 263 268 269 271 273 276 278 282 285 296 299 305 307 312 324 327 332 339 344 355 357 358 361 372 378 380 384 394 400 401 408 413 416 424 427 432 433 434 437 439 440 444 445 453 454 456 462 471 472 475 479 489
V3:  23 28 32 36 39 41 57 70 73 89 91 118 134 154 156 183 208 223 262 263 278 285 296 339 361 372 380 408 413 416 427 432 437 439 440 453 454 456 462 472 475 479 489
gap: 0.198453
status: feasible
