obj: 23.000000 time: 0.023518 gap: 52.173913 iter: 300
obj: 18.000000 time: 0.165967 gap: 28.070065 iter: 1108
obj: 16.000000 time: 0.254717 gap: 17.783236 iter: 2222
obj: 15.000000 time: 0.348075 gap: 12.302118 iter: 3599

obj: 15 time: 0.76918
V1:  3 4 12 13 14 17 19 20 22 27 29 30 31 32 35 40 41 42 45 48 49 50 51 52 53 54 56 58 60 61 64 65 66 67 70 76 77 78 84 87 93 97
V2:  12 13 14 17 20 27 29 31 41 45 48 49 50 53 56 61 65 67 70 87 93 97
V3:  14 17 20 27 29 31 41 56 70
gap: 0
status: feasible
