obj: 15.000000 time: 0.022899 gap: 40.000000 iter: 307
obj: 14.000000 time: 0.304674 gap: 28.571429 iter: 5838
obj: 12.000000 time: 0.470007 gap: 13.888889 iter: 7149

obj: 12 time: 0.536548
V1:  2 6 9 15 16 17 18 22 25 26 27 28 35 36 38 40 43 44 46 51 53 58 60 64 66 70 72 73 74 76 77 79 80 81 82 84 88 90 92 98
V2:  16 17 18 22 28 40 43 44 46 51 53 60 64 70 76 77 80 81 84 90 92 98
V3:  17 22 28 51 60 64 76 77 81 90
gap: 0
status: feasible
