obj: 78.000000 time: 0.220939 gap: 71.178092 iter: 1857
obj: 71.000000 time: 0.744390 gap: 64.788135 iter: 3342
obj: 62.000000 time: 5.890545 gap: 54.296167 iter: 12606
obj: 59.000000 time: 10.536419 gap: 51.957136 iter: 41437
obj: 58.000000 time: 10.664352 gap: 51.128811 iter: 42153
obj: 49.000000 time: 14.304381 gap: 42.152470 iter: 52885
obj: 47.000000 time: 78.146083 gap: 37.641826 iter: 260800
obj: 45.000000 time: 195.047486 gap: 34.481571 iter: 690216
obj: 44.000000 time: 297.001123 gap: 32.739114 iter: 1200166
obj: 40.000000 time: 1081.562799 gap: 25.542010 iter: 4743662
obj: 39.000000 time: 1093.175327 gap: 23.618083 iter: 4790952

obj: 39 time: 1200.07
V1:  5 12 13 14 16 18 21 22 28 29 31 33 35 39 43 48 54 57 58 59 61 65 68 71 73 75 78 79 81 82 87 90 92 93 94 97 100 104 110 113 114 116 117 119 124 125 126 130 132 134 135 136 140 144 146 149 151 157 158 160 163 165 166 168 171 174 176 177 182 183 185 191 193 194 200 201 204 207 208 209 211 213 216 217 220 224 225 226 232 233 239 240 241 242 243 248 250 253 264 266 268 269 274 275 276 277 278 279 280 281 284 290 292 296 297 299 300 302 307 309 314 317 318 321 322 323 325 326 331 332 335 336 340 342 343 345 348 349 351 353 360 361 366 373 381 387 388 391 392 398 401 402 404 406 417 418 419 420 423 427 429 432 433 435 437 438 440 443 445 447 450 451 452 453 454 455 460 461 462 463 465 468 469 477 480 482 484 488 492 495 498
V2:  13 18 35 39 43 48 54 57 58 73 79 81 87 90 92 93 94 97 104 113 114 117 124 125 130 132 135 136 140 144 149 151 160 168 171 174 176 177 183 185 191 194 200 201 204 208 209 213 216 217 226 232 233 239 240 243 250 274 278 279 280 281 292 299 300 302 314 317 318 321 322 323 326 331 332 335 340 343 345 348 351 360 361 381 387 388 391 392 401 402 404 406 418 423 435 437 438 440 443 445 447 451 452 453 454 460 461 468 480 482 492 498
V3:  35 48 87 92 93 97 114 124 125 140 149 160 176 185 191 200 204 208 209 232 239 274 279 300 317 321 322 323 332 335 351 360 387 388 401 404 406 438 440 445 447 451 452 453 492
gap: 0.235485
status: feasible
