obj: 3.000000 time: 0.013123 gap: 100.000000 iter: 86

obj: 1 time: 0.024444
V1:  3 5 6 14 16 17 22 23 26 27 28 33 35 39 41 42 43 46 47
V2:  3 6 17 27 39 41 46
V3:  3 6 17 27 39 41
gap: 0
status: feasible
