obj: 6.000000 time: 0.006898 gap: 50.000000 iter: 65

obj: 4 time: 0.014355
V1:  0 5 6 7 8 12 13 15 20 25 26 27
V2:  0 6 7 12 20 26
V3:  0 6 7 26
gap: 0
status: feasible
