obj: 60.000000 time: 0.129322 gap: 70.185185 iter: 1261
obj: 54.000000 time: 0.539960 gap: 60.703854 iter: 2417
obj: 45.000000 time: 3.976895 gap: 46.694125 iter: 10231
obj: 39.000000 time: 6.073904 gap: 38.332743 iter: 29489
obj: 38.000000 time: 6.159985 gap: 36.709920 iter: 30452
obj: 37.000000 time: 6.185102 gap: 34.999378 iter: 30872
obj: 34.000000 time: 178.209943 gap: 25.601346 iter: 1175664
obj: 33.000000 time: 353.535116 gap: 22.568114 iter: 2525609
obj: 32.000000 time: 1085.094956 gap: 17.820723 iter: 6496664
obj: 31.000000 time: 1091.156201 gap: 15.161208 iter: 6517357

obj: 31 time: 1200
V1:  6 7 9 13 14 15 17 20 21 23 24 25 32 33 37 39 41 43 44 45 47 48 51 52 54 57 59 60 65 67 70 72 77 83 86 87 89 91 92 95 99 101 102 108 111 113 119 123 127 131 136 138 144 146 149 152 153 154 155 159 162 163 165 170 172 173 176 177 181 183 186 190 192 195 198 203 204 205 206 207 212 214 216 217 218 220 222 223 224 225 226 227 231 233 237 238 243 245 246 248 249 250 252 253 257 261 262 273 274 281 284 286 291 292 294 300 301 302 304 307 312 314 316 319 320 323 324 325 333 338 340 342 345 349 350 352 358 359 360 362 363 365 368 369 372 373 378 379 381 382 384 385 388 389 395
V2:  15 21 23 24 25 32 33 39 43 48 52 57 60 65 72 77 83 86 92 99 101 108 111 119 131 136 138 144 149 153 154 159 176 183 186 195 198 205 206 207 212 217 218 220 222 223 224 225 226 233 237 238 245 246 249 250 253 257 274 291 294 300 302 304 312 319 320 324 325 338 345 349 358 359 360 362 365 369 378 379 385 388
V3:  15 32 39 43 52 77 83 92 108 111 119 131 136 138 154 159 176 195 205 206 218 222 223 226 238 253 257 291 294 300 304 325 349 360 362 365 378 379 388
gap: 0.150225
status: feasible
