obj: 39.000000 time: 0.066859 gap: 74.145299 iter: 816
obj: 26.000000 time: 0.212209 gap: 57.434379 iter: 1221
obj: 22.000000 time: 0.430293 gap: 46.651345 iter: 2267
obj: 19.000000 time: 1.442291 gap: 34.631696 iter: 5483
obj: 18.000000 time: 1.894170 gap: 30.416758 iter: 10568
obj: 17.000000 time: 2.527261 gap: 26.206885 iter: 16985
obj: 16.000000 time: 25.863657 gap: 16.581561 iter: 235794
obj: 15.000000 time: 57.591223 gap: 9.193457 iter: 503633

obj: 15 time: 69.1825
V1:  0 4 6 7 17 21 22 23 24 31 33 34 35 36 40 41 55 57 59 61 62 66 67 69 70 73 74 80 86 93 96 97 101 103 104 108 113 114 117 119 122 123 124 125 126 128 132 133 138 139 146 147 148 151 152 154 156 157 158 160 163 164 165 166 167 171 173 174 175 176 183 184 187 190 191 192 193 194 198
V2:  0 4 6 7 17 21 23 24 33 35 41 55 59 61 67 69 74 86 93 96 101 104 113 114 117 119 123 126 132 138 148 154 158 160 164 166 167 173 174 175 183 192
V3:  4 17 35 41 55 61 67 69 93 117 148 164 166 167 183
gap: 0
status: feasible
