obj: 4.000000 time: 0.010600 gap: 25.000000 iter: 44

obj: 3 time: 0.02385
V1:  2 9 10 12 13 14 19
V2:  2 9 10 12 14 19
V3:  2 9 10
gap: 0
status: feasible
