obj: 3.000000 time: 0.011116 gap: 33.333333 iter: 32

obj: 3 time: 0.013508
V1:  1 3 10 13 15 16 17 18 19
V2:  1 3 15
V3:  1 3
gap: 0
status: feasible
