obj: 87.000000 time: 0.194706 gap: 69.857814 iter: 1741
obj: 76.000000 time: 0.759814 gap: 61.392667 iter: 3284
obj: 52.000000 time: 6.054102 gap: 34.935318 iter: 14458
obj: 51.000000 time: 9.953715 gap: 33.406299 iter: 45254
obj: 49.000000 time: 30.484341 gap: 28.267044 iter: 124728
obj: 48.000000 time: 72.678135 gap: 26.346544 iter: 356001
obj: 47.000000 time: 94.427032 gap: 24.628848 iter: 506633
obj: 46.000000 time: 160.040046 gap: 22.681592 iter: 964708
obj: 45.000000 time: 261.159674 gap: 20.746611 iter: 1434399
obj: 44.000000 time: 1094.975646 gap: 17.333517 iter: 5395919
obj: 43.000000 time: 1179.850277 gap: 15.355878 iter: 5572962

obj: 43 time: 1200.01
V1:  2 3 4 5 7 12 15 29 31 32 33 37 38 40 43 44 45 46 48 49 50 51 52 56 57 59 61 62 63 68 70 73 77 81 82 83 86 90 93 96 98 99 100 101 102 106 121 123 124 126 128 129 131 133 135 137 140 141 143 154 157 158 159 161 167 172 173 174 176 177 179 181 185 186 188 190 191 194 196 197 198 199 200 206 208 210 211 213 214 217 222 235 237 241 244 249 251 253 254 260 261 262 263 271 277 281 283 286 290 291 292 293 294 297 303 304 305 306 307 309 310 312 313 314 316 318 325 326 329 330 331 332 334 335 337 339 342 346 347 348 351 357 359 361 365 366 367 372 374 376 379 384 393 395 396 399 406 407 410 413 419 421 422 423 427 429 430 433 437 439 443 444 445 446 448 449 452 453 455 456 459 460 466 468 469 474 477 478 480 482 483 489 491 492 493 498
V2:  3 4 12 31 32 33 38 43 44 45 46 51 52 61 62 63 73 81 82 90 93 96 100 102 123 131 133 137 143 154 161 172 174 176 177 185 186 188 191 197 198 199 213 217 222 235 244 251 260 262 263 277 281 283 286 291 293 294 304 310 313 316 325 331 334 342 346 348 351 357 359 361 366 376 379 384 396 399 406 413 419 421 427 430 433 443 444 445 446 448 455 456 460 468 469 474 477 478 480 482 483 489 491 492 498
V3:  43 44 45 46 51 62 82 93 102 133 161 176 185 188 191 198 199 235 244 262 286 293 304 313 316 325 334 346 366 379 384 396 399 406 413 430 443 444 446 448 455 460 469 482 489 498
gap: 0.153277
status: feasible
