obj: 13.000000 time: 0.017384 gap: 58.974359 iter: 217
obj: 12.000000 time: 0.065104 gap: 51.198378 iter: 431
obj: 9.000000 time: 0.072604 gap: 34.823541 iter: 463
obj: 7.000000 time: 0.124067 gap: 15.538429 iter: 555

obj: 7 time: 0.133668
V1:  0 3 5 7 12 18 22 25 26 27 29 32 33 34 35 38 40 42 45 47 51 55 58 60 62 66 67 68 78 79
V2:  5 12 18 22 25 26 27 29 32 33 38 40 45 51 62 68 79
V3:  18 25 27 29 32 33 38 45 62 68
gap: 0
status: feasible
