obj: 5.000000 time: 0.012812 gap: 80.000000 iter: 120
obj: 4.000000 time: 0.036670 gap: 75.000000 iter: 221
obj: 3.000000 time: 0.111688 gap: 60.416667 iter: 1307

obj: 3 time: 0.215361
V1:  0 1 3 6 8 13 14 19 24 26 29 31 32 35 39 40 44 45 46 47
V2:  6 13 14 24 26 29 31 35 39 40 46
V3:  6 13
gap: 0
status: feasible
