obj: 3.000000 time: 0.007812 gap: 50.000000 iter: 59

obj: 2 time: 0.019973
V1:  7 8 9 18 19 23 24 25 27 28 29
V2:  7 8 9 18 23 28 29
V3:  8 9 18
gap: 0
status: feasible
