obj: 5.000000 time: 0.007292 gap: 45.000000 iter: 79

obj: 5 time: 0.041765
V1:  2 6 9 11 16 18 19 21 22 24 28 29
V2:  2 11 18 19 22 24 28 29
V3:  11 19 22
gap: 0
status: feasible
