obj: 42.000000 time: 0.128334 gap: 72.940348 iter: 1183
obj: 35.000000 time: 0.547100 gap: 61.824239 iter: 2309
obj: 28.000000 time: 1.986560 gap: 49.336666 iter: 5269
obj: 26.000000 time: 14.314186 gap: 43.524725 iter: 61702
obj: 24.000000 time: 14.326580 gap: 38.818453 iter: 61836
obj: 23.000000 time: 39.872025 gap: 35.318953 iter: 285030
obj: 22.000000 time: 79.632074 gap: 31.570520 iter: 514389
obj: 20.000000 time: 766.927161 gap: 20.867813 iter: 5549210
obj: 19.000000 time: 1096.252909 gap: 16.010348 iter: 7917177

obj: 19 time: 1200.11
V1:  0 2 3 4 7 9 16 17 19 23 24 25 26 29 33 34 35 36 39 45 50 51 52 56 57 59 61 65 66 68 69 72 74 76 78 79 88 89 90 93 94 97 100 102 103 105 110 115 116 117 118 119 121 122 124 126 128 131 133 135 140 143 146 148 157 164 165 170 171 173 174 176 177 178 179 180 184 186 192 200 206 207 210 211 212 219 221 224 225 228 229 230 237 240 243 245 250 251 253 254 264 265 266 267 268 269 272 273 277 280 283 284 291 293 294 298
V2:  4 7 9 17 19 24 26 29 33 35 36 39 45 51 52 56 59 65 68 69 74 88 90 97 100 116 119 121 128 131 146 157 165 170 171 173 176 179 180 184 186 192 210 221 225 228 229 230 240 245 250 251 254 264 265 266 273 283 284 291 293 294 298
V3:  4 9 59 68 74 90 97 100 121 131 170 179 225 229 240 245 250 265 266 283 291 293 294 298
gap: 0.159162
status: feasible
