obj: 14.000000 time: 0.020076 gap: 89.010989 iter: 170
obj: 13.000000 time: 0.075279 gap: 78.912467 iter: 408
obj: 10.000000 time: 0.093572 gap: 72.238806 iter: 564
obj: 8.000000 time: 0.134906 gap: 63.214724 iter: 711
obj: 6.000000 time: 0.191887 gap: 50.947335 iter: 772
obj: 5.000000 time: 0.230183 gap: 40.267454 iter: 1914
obj: 4.000000 time: 0.754295 gap: 0.000000 iter: 20340

obj: 4 time: 0.754646
V1:  0 2 5 8 13 15 16 19 21 24 27 30 34 36 38 39 40 41 42 44 50 51 54 57 58 69 72 74 75 79
V2:  0 15 16 19 24 27 34 36 38 39 41 42 50 51 54 57 58 74
V3:  15 24 34 38 39 41
gap: 0
status: feasible
