obj: 18.000000 time: 0.160244 gap: 101.772175 iter: 1196
obj: 16.000000 time: 0.975364 gap: 100.858084 iter: 1784
obj: 12.000000 time: 2.262529 gap: 100.406929 iter: 16062
obj: 10.000000 time: 3.279651 gap: 100.327470 iter: 23170
obj: 9.000000 time: 10.200291 gap: 97.322667 iter: 31128
obj: 8.000000 time: 17.381324 gap: 94.220245 iter: 74551
obj: 7.000000 time: 30.174745 gap: 91.117312 iter: 206281
obj: 6.000000 time: 41.000745 gap: 88.873965 iter: 317580
obj: 5.000000 time: 41.881125 gap: 86.621274 iter: 326333
obj: 4.000000 time: 879.416600 gap: 70.773288 iter: 8049326

obj: 4 time: 1200.08
V1:  5 6 7 8 9 10 15 20 21 23 24 25 26 30 32 33 36 37 39 41 49 50 51 53 54 57 58 60 61 62 65 68 73 75 84 86 87 89 90 98 99 100 106 108 110 111 118 120 122 124 125 127 129 135 137 142 143 145 149 153 156 157 162 163 165 166 167 169 178 179 182 186 190 194 195 202 206 208 210 211 213 214 219 220 221 223 225 228 235 238 242 252 255 256 257 259 261 263 270 271 272 273 276 282 284 285 287 293 294 295 296 299
V2:  5 6 8 9 15 21 26 50 53 57 60 62 75 84 106 108 118 124 137 143 149 153 156 162 163 166 169 178 179 190 194 195 202 208 210 213 214 223 235 252 256 259 261 263 270 271 272 273 276 284 293 295 296
V3:  5 6 21 26 50 60 118 124 137 143 149 153 163 166 178 194 202 208 210 213 223 235 259 261 263 276 293
gap: 0.694088
status: feasible
