obj: 6.000000 time: 0.007514 gap: 50.000000 iter: 80
obj: 5.000000 time: 0.025298 gap: 40.000000 iter: 135
obj: 4.000000 time: 0.028381 gap: 0.000000 iter: 254

obj: 4 time: 0.028558
V1:  0 2 3 5 6 9 13 15 16 24 27 28 29
V2:  3 6 24 28 29
V3:  3 6 28
gap: 0
status: feasible
