obj: 6.000000 time: 0.008664 gap: 66.666667 iter: 86
obj: 4.000000 time: 0.015014 gap: 46.428571 iter: 106
obj: 3.000000 time: 0.030019 gap: 0.000000 iter: 229

obj: 3 time: 0.030199
V1:  2 5 9 11 14 17 18 21 26 27 28 29
V2:  5 9 18 21 26 29
V3:  5 9 29
gap: 0
status: feasible
