obj: 9.000000 time: 0.006934 gap: 55.555556 iter: 47
obj: 7.000000 time: 0.010077 gap: 39.285714 iter: 66

obj: 5 time: 0.012678
V1:  0 1 2 5 8 9 19 20 23 26 27 28
V2:  0 1 2 5 9 19 27
V3:  0 5 19 27
gap: 0
status: feasible
