obj: 25.000000 time: 0.141198 gap: 102.307552 iter: 1040
obj: 22.000000 time: 0.683920 gap: 97.404548 iter: 2056
obj: 14.000000 time: 1.626692 gap: 95.014815 iter: 2869
obj: 13.000000 time: 3.330805 gap: 94.293446 iter: 19200
obj: 11.000000 time: 9.703597 gap: 92.450785 iter: 31052
obj: 9.000000 time: 25.754982 gap: 89.115951 iter: 174164
obj: 8.000000 time: 44.458658 gap: 86.806501 iter: 379403
obj: 6.000000 time: 64.715667 gap: 81.668495 iter: 603904
obj: 5.000000 time: 110.519724 gap: 76.933054 iter: 1150151

obj: 5 time: 1200.21
V1:  2 3 4 6 8 9 11 14 16 18 19 20 24 26 27 28 29 30 33 37 49 53 55 60 62 67 70 73 75 76 78 80 86 88 91 92 93 97 98 100 104 106 108 109 110 114 116 117 119 121 123 126 127 128 129 130 133 134 136 139 145 147 148 150 152 154 156 157 158 166 169 171 174 175 176 177 180 182 184 185 186 188 194 196 197 198 200 201 202 203 205 210 214 219 225 229 239 241 242 243 245 246 272 273 274 275 276 281 283 285 289 292 294 295 297 298 299
V2:  3 6 9 11 14 16 18 26 27 37 60 70 73 75 80 92 97 98 108 117 121 127 128 133 134 139 150 152 156 158 171 175 182 186 188 198 205 210 214 229 242 245 276 289 292 298
V3:  6 9 11 18 26 27 37 70 80 97 117 121 127 128 139 150 152 158 175 188 198 229 276 292 298
gap: 0.676363
status: feasible
