obj: 8.000000 time: 0.007776 gap: 50.000000 iter: 74
obj: 6.000000 time: 0.012136 gap: 33.333333 iter: 100

obj: 5 time: 0.01713
V1:  1 2 5 6 7 8 9 10 13 18 19 24 28
V2:  1 7 8 9 18 19
V3:  7 8 19
gap: 0
status: feasible
