obj: 22.000000 time: 0.147908 gap: 90.711265 iter: 1224
obj: 16.000000 time: 0.678445 gap: 83.517596 iter: 2293
obj: 15.000000 time: 1.960037 gap: 79.720544 iter: 3804
obj: 14.000000 time: 3.368349 gap: 77.965318 iter: 17501
obj: 12.000000 time: 10.753362 gap: 70.736686 iter: 35890
obj: 11.000000 time: 19.880243 gap: 67.091274 iter: 96784
obj: 10.000000 time: 29.807750 gap: 62.935993 iter: 198056
obj: 9.000000 time: 35.071541 gap: 58.654937 iter: 244516
obj: 8.000000 time: 268.687485 gap: 49.562050 iter: 1950348

obj: 8 time: 1199.97
V1:  1 2 3 5 6 12 13 17 18 21 23 31 33 36 37 38 39 44 45 46 47 50 51 54 57 58 60 62 66 67 69 70 71 73 77 80 82 83 87 89 90 92 96 97 100 102 113 115 117 118 124 128 131 133 134 135 136 140 144 148 149 154 157 161 164 165 169 171 173 181 185 186 187 189 192 196 204 205 206 209 210 211 212 215 216 221 228 229 230 232 238 243 248 253 254 255 257 258 259 260 261 263 266 268 273 274 276 278 279 287 288 289 290 294 295 296 297 298
V2:  3 17 18 23 33 36 37 38 47 51 66 67 77 80 82 89 90 92 97 100 113 115 124 128 131 133 134 140 144 148 149 157 165 181 186 189 192 205 229 230 248 254 257 261 263 276 278 287 294 296
V3:  33 37 38 47 51 80 113 128 133 134 140 148 157 186 192 205 254 257 263 278 287 294
gap: 0.453812
status: feasible
