obj: 15.000000 time: 0.019080 gap: 56.666667 iter: 201
obj: 13.000000 time: 0.084169 gap: 40.715467 iter: 706
obj: 12.000000 time: 0.126083 gap: 31.866976 iter: 1046
obj: 11.000000 time: 0.300580 gap: 20.764821 iter: 1680
obj: 10.000000 time: 0.349154 gap: 12.153450 iter: 3376

obj: 10 time: 0.364267
V1:  0 4 5 7 10 11 12 16 21 23 25 28 31 36 42 44 46 47 48 51 52 54 55 59 60 63 66 69 71 72 78
V2:  0 4 7 10 11 16 31 36 42 46 48 51 52 55 59 60 66 78
V3:  11 16 31 36 42 48 51 59 60 78
gap: 0
status: feasible
