obj: 8.000000 time: 0.013953 gap: 75.000000 iter: 151
obj: 7.000000 time: 0.024334 gap: 71.428571 iter: 186
obj: 6.000000 time: 0.036942 gap: 61.111111 iter: 301
obj: 4.000000 time: 0.051895 gap: 40.000000 iter: 378
obj: 3.000000 time: 0.110663 gap: 0.000000 iter: 1789

obj: 3 time: 0.110926
V1:  2 6 9 11 12 13 17 20 21 22 23 24 25 26 38 41 46 48 49
V2:  2 6 9 12 13 21 22 25 41 46 48 49
V3:  13 21 49
gap: 0
status: feasible
