obj: 31.000000 time: 0.072052 gap: 67.613271 iter: 659
obj: 24.000000 time: 0.294159 gap: 48.694144 iter: 1309
obj: 23.000000 time: 0.536068 gap: 44.623975 iter: 2062
obj: 22.000000 time: 0.930264 gap: 41.103335 iter: 2442
obj: 21.000000 time: 5.844539 gap: 35.069960 iter: 28712
obj: 20.000000 time: 30.676509 gap: 29.242745 iter: 377617
obj: 19.000000 time: 31.429515 gap: 25.496657 iter: 385136
obj: 18.000000 time: 38.720436 gap: 21.028130 iter: 482745
obj: 17.000000 time: 71.638953 gap: 15.226981 iter: 861709
obj: 16.000000 time: 622.150685 gap: 0.000000 iter: 7026586

obj: 16 time: 622.153
V1:  0 2 6 7 8 9 11 12 13 14 20 21 22 24 26 28 31 32 35 39 41 45 46 48 50 52 57 62 63 67 70 73 77 79 81 83 86 90 92 94 95 96 101 103 105 110 116 118 119 122 123 125 127 128 129 134 135 137 141 144 146 150 151 152 153 155 158 159 161 162 164 171 175 179 184 186 194 196 198
V2:  2 6 9 12 13 14 20 22 26 28 32 46 52 57 62 63 67 70 73 77 79 90 92 96 101 103 110 119 122 127 128 134 135 137 146 150 153 155 159 171 179 196
V3:  13 20 26 52 63 70 96 103 119 122 127 146 150 159 171 179
gap: 0
status: feasible
