obj: 4.000000 time: 0.015132 gap: 41.666667 iter: 150

obj: 4 time: 0.073293
V1:  1 2 5 6 8 9 10 13 15 17 20 22 25 29 37 39 40 42 43 46
V2:  1 2 5 6 8 13 15 17 20 29 37
V3:  5 8 20
gap: 0
status: feasible
