obj: 20.000000 time: 0.144847 gap: 89.000000 iter: 1077
obj: 17.000000 time: 0.525828 gap: 85.668589 iter: 2029
obj: 15.000000 time: 1.646632 gap: 81.225599 iter: 3808
obj: 12.000000 time: 2.928542 gap: 76.213744 iter: 14647
obj: 11.000000 time: 2.956755 gap: 74.051357 iter: 14797
obj: 8.000000 time: 4.161282 gap: 64.290224 iter: 18995
obj: 6.000000 time: 16.903486 gap: 48.195431 iter: 77250
obj: 5.000000 time: 1155.101924 gap: 0.000000 iter: 10284438

obj: 5 time: 1155.1
V1:  0 1 3 5 6 13 17 18 24 26 27 31 36 37 38 39 45 48 52 55 58 60 61 62 63 64 65 67 70 72 74 76 77 78 79 80 82 89 95 97 99 100 102 105 107 113 119 123 124 126 128 129 130 133 137 139 140 142 143 148 155 159 161 162 168 170 171 176 179 187 191 197 201 203 206 207 208 213 214 219 221 223 224 225 226 228 230 231 233 236 238 241 248 249 251 254 257 262 263 271 276 277 278 280 282 284 287 290 298 299
V2:  0 5 6 17 18 24 38 39 52 55 62 64 67 70 72 78 79 82 95 97 99 100 102 107 113 119 124 130 137 139 140 142 143 155 161 170 171 176 179 187 197 206 207 208 219 223 224 225 226 228 230 233 257 271 276 277 278 280 284
V3:  0 6 17 18 24 38 39 62 78 79 95 100 113 124 130 139 143 171 176 179 207 225 233 276 280 284
gap: 0
status: feasible
