obj: 16.000000 time: 0.088784 gap: 106.250000 iter: 639
obj: 10.000000 time: 0.159710 gap: 108.739062 iter: 774
obj: 4.000000 time: 0.697078 gap: 102.819661 iter: 1800
obj: 3.000000 time: 3.500304 gap: 92.190153 iter: 30979
obj: 2.000000 time: 11.324583 gap: 50.000000 iter: 109464

obj: 2 time: 11.8126
V1:  1 2 7 9 10 14 15 17 19 22 25 28 29 30 31 33 34 36 37 41 46 47 48 49 50 51 53 54 56 59 62 64 70 76 78 81 84 90 95 96 109 111 112 117 118 120 122 124 125 128 136 144 145 149 152 157 159 160 163 167 168 173 176 178 180 182 184 185 189 190 193 197 198
V2:  1 2 7 15 17 25 30 34 36 48 49 51 59 64 78 81 90 95 96 111 112 118 120 122 125 128 144 149 157 159 168 173 176 189 190 198
V3:  2 7 15 25 34 36 48 51 59 81 90 95 96 111 120 122 125 149 176 190
gap: 0
status: feasible
