obj: 44.000000 time: 0.130567 gap: 79.610678 iter: 1106
obj: 42.000000 time: 0.513359 gap: 75.507680 iter: 2293
obj: 35.000000 time: 1.444388 gap: 69.545421 iter: 3700
obj: 29.000000 time: 2.486356 gap: 62.494850 iter: 13673
obj: 25.000000 time: 2.614835 gap: 56.494026 iter: 15184
obj: 23.000000 time: 4.249936 gap: 52.548948 iter: 21194
obj: 20.000000 time: 10.839741 gap: 43.944701 iter: 30181
obj: 19.000000 time: 57.894241 gap: 36.647112 iter: 508049
obj: 18.000000 time: 412.965817 gap: 28.853000 iter: 3179362
obj: 17.000000 time: 1178.211787 gap: 21.897310 iter: 8401004

obj: 17 time: 1200.23
V1:  4 6 8 9 11 13 14 16 21 23 25 29 31 34 37 38 41 43 44 45 48 52 53 55 57 60 66 67 69 71 74 75 84 85 86 89 91 95 101 102 104 110 116 117 119 122 125 126 128 130 131 134 136 138 143 145 148 152 159 161 163 164 169 170 171 172 174 179 181 182 183 184 190 195 198 199 200 205 207 218 219 224 226 228 230 231 232 233 236 240 243 244 245 246 247 250 251 253 254 256 257 261 268 269 270 271 280 283 284 287 288 289 291 292 293 295 296
V2:  4 6 8 13 14 16 21 23 25 38 43 52 53 55 60 69 71 74 84 85 86 91 95 102 110 116 119 125 130 138 143 148 152 169 174 179 182 183 198 199 205 207 218 224 232 233 243 244 251 254 268 269 280 283 287 288 291 293 295 296
V3:  6 13 14 23 38 43 52 53 74 85 86 102 119 169 174 182 183 224 244 268 287 291 295
gap: 0.218458
status: feasible
