obj: 32.000000 time: 0.398971 gap: 109.409437 iter: 2161
obj: 26.000000 time: 1.080149 gap: 108.099994 iter: 2865
obj: 19.000000 time: 4.658854 gap: 107.568896 iter: 4980
obj: 16.000000 time: 8.930585 gap: 108.810109 iter: 30023
obj: 12.000000 time: 24.373929 gap: 110.836270 iter: 44575
obj: 11.000000 time: 93.859814 gap: 110.037773 iter: 363712
obj: 10.000000 time: 124.934314 gap: 110.301591 iter: 519545
obj: 9.000000 time: 135.949370 gap: 111.352117 iter: 575146
obj: 7.000000 time: 149.371615 gap: 114.426161 iter: 630604
obj: 6.000000 time: 228.621062 gap: 115.535338 iter: 1040519
obj: 5.000000 time: 1108.541097 gap: 115.938645 iter: 6389874

obj: 5 time: 1200.03
V1:  4 5 8 12 17 22 25 27 29 31 33 41 46 58 63 65 69 71 72 74 75 80 81 83 89 92 93 95 99 100 104 109 112 114 119 123 125 131 132 134 138 141 153 155 158 159 160 165 166 167 168 169 171 173 174 183 188 190 195 197 200 202 203 207 208 214 215 216 217 220 221 223 228 229 230 231 232 234 235 236 237 238 239 245 246 248 249 251 252 253 261 262 263 265 269 272 273 275 277 280 281 282 283 285 291 296 297 298 299 300 304 306 312 313 321 324 326 328 332 333 336 337 342 343 345 346 354 355 361 364 368 370 372 373 376 382 384 386 389 392 394 395 397 398 401 405 406 407 408 412 415 416 417 418 422 423 427 428 429 430 431 434 435 436 437 439 441 442 443 444 445 448 453 454 455 457 459 463 467 468 469 470 471 473 477 478 481 483 486 488 489 490 497 499
V2:  5 17 22 25 27 29 58 63 72 74 80 81 83 89 99 114 119 125 155 158 159 160 173 188 190 195 197 200 207 208 235 237 238 245 248 261 262 265 273 280 296 297 298 299 304 312 324 332 342 343 345 346 361 368 370 392 394 398 401 405 406 407 412 417 418 427 428 429 434 435 436 437 443 445 459 463 468 469 470 471 477 481 483 488 490 499
V3:  17 72 81 99 114 158 173 188 195 200 208 235 237 248 261 265 273 299 361 368 412 417 428 434 437 459 469 470 471 483 488
gap: 1.15739
status: feasible
