obj: 3.000000 time: 0.008789 gap: 50.000000 iter: 65

obj: 3 time: 0.01566
V1:  1 3 4 6 10 12 17 18 21 22 24 26 28
V2:  18 21 24 28
V3:  18 21 24
gap: 0
status: feasible
