obj: 81.000000 time: 0.251694 gap: 66.026919 iter: 2097
obj: 72.000000 time: 0.929083 gap: 57.803768 iter: 3675
obj: 66.000000 time: 5.098200 gap: 50.603565 iter: 11904
obj: 59.000000 time: 9.423085 gap: 44.639076 iter: 39617
obj: 56.000000 time: 12.451196 gap: 41.671662 iter: 48806
obj: 54.000000 time: 28.023047 gap: 37.208764 iter: 65950
obj: 52.000000 time: 42.142024 gap: 34.745291 iter: 121390
obj: 47.000000 time: 249.626099 gap: 26.940728 iter: 1358276
obj: 46.000000 time: 1138.099792 gap: 24.594325 iter: 7022812

obj: 46 time: 1200.01
V1:  0 2 3 6 7 12 15 18 19 23 26 27 30 33 34 35 37 43 46 47 52 53 54 56 57 59 61 62 64 65 67 69 70 71 73 75 81 82 83 85 87 88 89 92 95 97 102 106 107 110 111 113 115 116 117 118 127 128 131 137 140 142 143 144 145 148 149 155 156 157 158 159 163 171 172 175 178 180 181 184 185 187 193 194 198 201 202 205 206 208 215 216 217 218 223 224 225 226 229 233 234 236 249 255 256 259 262 263 264 267 268 270 274 281 284 285 289 291 298 300 301 303 308 310 315 320 321 322 324 325 327 328 335 336 337 340 343 345 346 348 349 353 357 358 361 365 369 370 372 374 375 377 380 387 391 396 397 400 402 403 404 405 410 414 418 421 426 427 429 430 431 432 437 440 442 443 445 449 451 452 453 454 455 458 463 465 466 470 471 472 475 477 478 479 480 481 482 486 487 493 494 495 496
V2:  3 7 15 18 27 34 35 43 46 47 53 56 57 59 64 65 67 70 75 81 82 83 85 87 102 106 111 115 116 137 140 143 144 145 148 149 156 157 159 171 172 178 184 193 198 208 218 224 225 226 229 233 234 255 256 259 262 263 264 270 281 289 298 308 315 321 322 328 335 337 340 346 357 358 365 370 372 374 380 387 402 403 404 405 414 429 430 431 440 445 451 458 463 466 470 478 479 482 486 493 494 496
V3:  18 34 43 53 56 59 65 81 87 106 115 137 143 144 148 156 157 159 184 218 225 233 263 270 281 315 328 337 403 440 445 458 466 470 479 482 486 494
gap: 0.245503
status: feasible
