obj: 8.000000 time: 0.025065 gap: 56.250000 iter: 201
obj: 5.000000 time: 0.048408 gap: 20.000000 iter: 285

obj: 4 time: 0.077608
V1:  3 4 5 6 7 8 9 10 11 12 17 18 25 26 27 34 36 37 38 39 44 47 48 50 51 52 59 60 61 62 70 73 75 80 86 90 93 95 96
V2:  8 10 11 12 18 26 39 48 51 61 70 75 80 90 95
V3:  8 10 11 12 18 26 39 48 61 75 80
gap: 0
status: feasible
