obj: 17.000000 time: 0.081729 gap: 79.873126 iter: 722
obj: 16.000000 time: 0.605210 gap: 72.221430 iter: 1993
obj: 14.000000 time: 0.919331 gap: 68.202956 iter: 2097
obj: 13.000000 time: 1.523843 gap: 65.129366 iter: 10494
obj: 11.000000 time: 1.970328 gap: 58.789251 iter: 16409
obj: 9.000000 time: 2.593305 gap: 49.511312 iter: 20022
obj: 8.000000 time: 150.346055 gap: 26.300228 iter: 1394319

obj: 8 time: 1200.53
V1:  1 4 6 8 9 10 16 22 24 25 26 28 29 35 36 37 38 40 47 48 49 51 52 53 54 55 56 60 63 64 65 66 67 68 69 76 79 82 91 92 93 94 95 101 104 106 109 111 112 116 118 120 121 122 124 128 133 143 145 148 153 154 157 159 160 164 165 166 168 171 174 176 177 178 180 183 190 195 199
V2:  9 16 24 25 26 29 36 51 52 53 54 56 63 65 79 92 104 106 109 112 116 118 120 121 122 124 128 154 157 159 164 165 166 168 174 176 178 195
V3:  16 56 79 112 120 121 124 157 166 168 174 178
gap: 0.177741
status: feasible
