obj: 4.000000 time: 0.008592 gap: 75.000000 iter: 85
obj: 2.000000 time: 0.014332 gap: 50.000000 iter: 124

obj: 1 time: 0.023363
V1:  1 3 14 17 18 19 20 21 22 24 26 28
V2:  1 18 19 20 22
V3:  20 22
gap: 0
status: feasible
