obj: 16.000000 time: 0.080086 gap: 75.264504 iter: 681
obj: 11.000000 time: 0.583307 gap: 60.670403 iter: 1412
obj: 10.000000 time: 1.179695 gap: 55.771170 iter: 8074
obj: 9.000000 time: 2.061290 gap: 50.691580 iter: 12472
obj: 8.000000 time: 13.133848 gap: 40.269272 iter: 78670
obj: 7.000000 time: 134.393474 gap: 26.444008 iter: 1310924

obj: 7 time: 1199.74
V1:  4 5 6 8 9 12 14 16 17 18 19 25 27 28 29 37 38 39 44 45 47 48 54 55 57 58 59 60 62 68 69 78 95 97 99 102 105 106 110 113 114 124 125 126 128 129 132 133 134 136 137 142 147 149 150 153 154 156 157 159 162 164 167 169 170 171 181 185 187 188 189 190 191 192 193 196
V2:  5 8 12 14 17 18 28 37 38 44 55 57 58 60 69 78 95 102 105 110 124 125 129 132 133 136 142 147 156 157 162 164 167 170 188 189 190 193 196
V3:  5 8 60 69 95 110 124 125 129 147 157 162 170 189 193 196
gap: 0.16186
status: feasible
