obj: 11.000000 time: 0.019555 gap: 45.454545 iter: 228
obj: 9.000000 time: 0.120958 gap: 22.222222 iter: 536
obj: 8.000000 time: 1.218413 gap: 12.500000 iter: 21237

obj: 8 time: 1.34054
V1:  0 3 5 10 12 14 15 19 20 21 22 23 24 28 29 33 34 38 39 45 46 47 51 54 56 60 63 66 71 75
V2:  0 3 5 10 12 14 19 20 21 22 23 34 38 39 45 46 56 60 63 75
V3:  0 14 22 38 39 45 46 75
gap: 0
status: feasible
