obj: 16.000000 time: 0.018608 gap: 62.500000 iter: 194
obj: 12.000000 time: 0.096049 gap: 45.000000 iter: 640
obj: 10.000000 time: 0.269919 gap: 25.083333 iter: 1627

obj: 10 time: 0.499451
V1:  2 4 5 6 12 13 16 17 18 22 23 26 27 32 33 34 37 41 43 48 50 55 56 57 58 63 64 68 71 73 74
V2:  4 5 12 13 17 18 22 23 26 32 37 41 43 56 57 58 71 74
V3:  5 12 13 18 32 41 43 57 58 74
gap: 0
status: feasible
