obj: 2.000000 time: 0.007023 gap: 50.000000 iter: 35

obj: 2 time: 0.018343
V1:  0 3 4 5 9 10 13 14 15 19 25
V2:  3 9 14 15 19 25
V3:  9 14 19 25
gap: 0
status: feasible
