obj: 21.000000 time: 0.022058 gap: 66.666667 iter: 265
obj: 16.000000 time: 0.109620 gap: 45.090401 iter: 937
obj: 15.000000 time: 0.391893 gap: 34.004956 iter: 1840
obj: 14.000000 time: 0.473154 gap: 28.269159 iter: 3803
obj: 13.000000 time: 0.572875 gap: 22.589738 iter: 5861
obj: 12.000000 time: 0.804520 gap: 13.757144 iter: 11531

obj: 12 time: 1.20919
V1:  0 10 12 14 17 19 20 21 23 24 25 26 27 31 34 35 36 42 43 44 51 53 56 57 58 59 66 67 73 74 76 77 80 82 83 84 85 92 98
V2:  0 10 12 17 19 20 21 23 24 25 27 31 34 35 42 43 53 56 59 73 77 82 85 98
V3:  19 20 24 25 31 56 59 73 82 85
gap: 0
status: feasible
