obj: 9.000000 time: 0.020622 gap: 61.111111 iter: 155
obj: 7.000000 time: 0.114857 gap: 39.176755 iter: 615
obj: 5.000000 time: 0.127665 gap: 0.000000 iter: 995

obj: 5 time: 0.127957
V1:  0 2 5 6 8 11 12 13 14 20 21 22 23 25 28 32 34 35 40 41 49 56 57 63 64 65 66 70 71 73 74 79
V2:  6 13 14 22 23 25 35 40 41 64 66 71 73 74 79
V3:  6 22 25 66 71 79
gap: 0
status: feasible
