obj: 54.000000 time: 0.137528 gap: 63.301201 iter: 1393
obj: 50.000000 time: 0.514947 gap: 54.088104 iter: 2904
obj: 44.000000 time: 3.537163 gap: 37.258600 iter: 11646
obj: 40.000000 time: 15.291747 gap: 29.175127 iter: 58959
obj: 39.000000 time: 46.747841 gap: 26.480243 iter: 231036
obj: 35.000000 time: 54.427883 gap: 18.008718 iter: 277439
obj: 34.000000 time: 132.422907 gap: 14.761741 iter: 726459
obj: 33.000000 time: 1165.472207 gap: 7.959498 iter: 6399441

obj: 33 time: 1200.02
V1:  2 5 8 9 14 15 19 25 27 30 31 32 33 35 46 50 51 54 55 57 58 59 67 68 70 72 75 79 85 86 87 88 89 90 91 96 98 100 105 113 114 116 123 124 125 126 132 134 135 138 143 144 147 149 155 157 158 160 163 171 174 176 177 183 185 187 188 189 191 194 198 199 204 209 212 213 214 215 219 221 222 226 229 230 231 234 236 237 238 239 243 244 246 248 255 260 263 265 267 268 279 280 281 282 283 289 290 292 295 297 299 301 303 310 311 313 322 323 330 334 337 341 342 345 346 347 348 351 352 353 359 360 362 367 369 370 372 373 376 379 380 382 386 389 391 392 393 394 396 397
V2:  5 14 15 19 25 32 33 50 57 58 59 67 68 70 72 75 79 86 87 88 89 90 91 96 100 105 116 123 124 126 135 147 149 155 157 158 160 171 174 177 183 188 189 191 194 198 204 213 214 222 226 229 230 236 237 239 243 246 248 268 280 282 289 295 297 301 303 310 311 322 323 330 334 337 345 346 347 351 352 360 362 370 372 373 376 379 386 391 393 394 397
V3:  5 15 19 32 50 58 59 67 70 75 79 87 91 100 124 135 147 155 157 171 191 204 214 237 239 243 246 295 301 310 330 337 347 351 360 362 370 372 376 379 393 397
gap: 0.0788679
status: feasible
