obj: 9.000000 time: 0.007957 gap: 66.666667 iter: 53
obj: 6.000000 time: 0.011511 gap: 33.333333 iter: 62
obj: 5.000000 time: 0.027584 gap: 0.000000 iter: 299

obj: 5 time: 0.027768
V1:  1 2 3 4 5 12 14 16 18 20 26 28
V2:  1 5 12 16 18 20 26 28
V3:  12 16 28
gap: 0
status: feasible
