obj: 5.000000 time: 0.020463 gap: 90.000000 iter: 207
obj: 4.000000 time: 0.076088 gap: 62.500000 iter: 566
obj: 3.000000 time: 0.126257 gap: 50.000000 iter: 701

obj: 3 time: 0.494077
V1:  2 3 7 9 11 14 15 16 17 20 23 27 28 30 33 34 36 39 41 48 50 54 57 61 67 68 71 73 76 77 78 79
V2:  2 7 15 17 20 28 34 41 54 68 76
V3:  2 7 15 17 20 54 68 76
gap: 0
status: feasible
