obj: 8.000000 time: 0.011323 gap: 25.000000 iter: 146
obj: 7.000000 time: 0.039738 gap: 14.285714 iter: 350

obj: 7 time: 0.048862
V1:  2 3 5 7 14 15 16 18 20 24 31 32 34 35 36 37 39 41 42 46
V2:  2 5 7 15 20 32 34 35 37 39 41
V3:  5 7 15 20 34 39
gap: 0
status: feasible
