obj: 62.000000 time: 0.109330 gap: 79.838710 iter: 1138
obj: 43.000000 time: 0.382479 gap: 66.857096 iter: 1950
obj: 39.000000 time: 0.517613 gap: 62.428620 iter: 2391
obj: 31.000000 time: 1.662966 gap: 45.808676 iter: 6105
obj: 29.000000 time: 1.705990 gap: 42.071343 iter: 6105
obj: 25.000000 time: 2.108305 gap: 32.787766 iter: 6302
obj: 24.000000 time: 81.945623 gap: 23.273967 iter: 471460
obj: 23.000000 time: 703.520679 gap: 16.345050 iter: 4384417
obj: 22.000000 time: 1159.072284 gap: 11.315680 iter: 6943238

obj: 22 time: 1199.98
V1:  3 5 6 7 8 10 11 15 16 18 23 26 35 36 38 43 44 47 49 50 51 52 53 54 56 58 59 61 62 64 67 69 72 73 74 75 77 78 82 88 89 90 91 96 99 100 102 103 110 111 115 116 119 120 121 130 134 139 140 141 142 148 151 153 155 156 170 175 181 183 185 191 193 197 199 200 201 203 205 210 211 212 213 215 216 219 222 224 225 226 232 237 244 250 253 254 256 257 260 261 262 264 266 269 271 272 273 275 284 287 290 293 294 296 297 299
V2:  6 7 8 11 16 18 23 35 38 43 44 49 50 51 56 58 61 62 64 67 77 78 88 89 90 91 99 100 102 103 115 119 120 121 130 134 140 142 148 151 153 155 156 170 185 191 193 200 201 210 211 213 215 219 222 225 250 254 256 260 264 269 272 273 284 293 297 299
V3:  6 35 49 50 56 62 67 77 91 99 100 102 115 151 153 185 191 193 210 211 219 284
gap: 0.112302
status: feasible
