obj: 33.000000 time: 0.243069 gap: 98.697612 iter: 1685
obj: 27.000000 time: 0.800436 gap: 97.098834 iter: 2331
obj: 17.000000 time: 2.770073 gap: 93.929180 iter: 3496
obj: 16.000000 time: 4.977094 gap: 93.332412 iter: 19265
obj: 13.000000 time: 6.898433 gap: 91.736030 iter: 26008
obj: 11.000000 time: 16.752849 gap: 88.067721 iter: 35364
obj: 10.000000 time: 39.476813 gap: 85.436559 iter: 137838
obj: 9.000000 time: 95.149671 gap: 82.172064 iter: 457791
obj: 8.000000 time: 115.841078 gap: 79.576024 iter: 571161
obj: 7.000000 time: 181.700218 gap: 75.620025 iter: 982692
obj: 6.000000 time: 204.708812 gap: 71.246351 iter: 1116976

obj: 6 time: 1200.04
V1:  0 3 8 10 12 13 14 18 20 21 22 24 25 26 28 29 38 47 49 57 59 60 64 67 68 74 76 77 79 82 86 87 92 97 98 99 100 102 105 109 115 116 118 119 120 123 124 125 126 128 129 130 132 133 134 136 138 139 143 145 148 153 155 163 166 178 181 183 185 186 191 193 196 198 199 202 203 207 210 211 212 215 220 221 222 223 224 226 232 235 237 238 243 244 245 246 247 248 255 257 259 260 262 266 267 268 271 272 275 280 284 286 288 290 291 293 297 298 300 305 308 309 312 317 323 324 326 332 334 336 340 347 351 352 357 358 359 364 365 369 374 375 381 384 388 389 391 392 393 394 395 396
V2:  8 22 24 28 47 49 57 60 64 74 76 77 79 82 92 98 99 100 102 105 109 116 124 126 128 134 139 143 145 163 166 181 183 193 196 198 199 210 212 215 220 223 224 226 235 237 238 244 245 246 247 248 266 271 272 275 293 297 305 317 323 324 326 334 336 340 351 352 357 375 381 389 391 394 396
V3:  22 28 47 57 64 79 82 102 105 124 139 193 210 215 226 235 237 238 244 247 272 297 323 340 351 389 391
gap: 0.66303
status: feasible
