obj: 80.000000 time: 0.285958 gap: 73.355027 iter: 2302
obj: 73.000000 time: 0.981812 gap: 66.973956 iter: 3789
obj: 63.000000 time: 4.963701 gap: 56.684930 iter: 10468
obj: 57.000000 time: 9.200357 gap: 52.064947 iter: 46486
obj: 52.000000 time: 9.483141 gap: 47.455807 iter: 49826
obj: 47.000000 time: 12.814656 gap: 41.865068 iter: 67701
obj: 45.000000 time: 29.958323 gap: 38.078796 iter: 89400
obj: 44.000000 time: 83.411828 gap: 36.027007 iter: 310455
obj: 43.000000 time: 113.677449 gap: 34.474055 iter: 460451
obj: 42.000000 time: 201.904204 gap: 32.710456 iter: 816850
obj: 41.000000 time: 1105.305836 gap: 30.135425 iter: 4905801
obj: 39.000000 time: 1183.409221 gap: 26.536071 iter: 5042057

obj: 39 time: 1200.05
V1:  0 1 3 4 5 9 11 15 17 19 21 23 24 25 30 36 40 44 45 46 47 49 58 61 63 64 67 69 71 72 74 75 77 80 81 84 86 94 95 98 100 103 105 107 110 114 118 119 120 128 129 131 134 139 140 141 142 143 149 150 151 152 155 159 161 165 170 176 177 183 186 190 192 194 195 196 197 198 199 200 203 207 211 216 217 218 220 222 224 226 227 230 236 237 239 242 244 253 261 266 268 269 271 273 274 278 279 286 288 292 295 296 298 299 300 301 302 303 305 306 307 308 315 316 318 320 321 323 327 329 332 334 336 341 343 345 348 349 350 351 353 355 361 366 367 368 371 372 376 377 379 380 382 384 391 392 394 395 396 397 398 402 404 405 406 407 408 413 415 418 423 427 428 430 433 434 435 436 437 439 446 453 455 457 465 466 470 471 472 475 476 479 481 483 484 485 490 493
V2:  0 11 21 23 24 25 47 49 61 63 71 75 77 80 94 95 98 103 105 107 110 120 128 129 131 140 141 143 149 150 152 155 159 161 165 177 183 186 190 192 194 195 196 199 203 207 211 216 222 236 237 239 244 253 261 266 273 274 278 296 300 302 305 307 316 323 329 332 336 341 343 345 348 349 350 355 361 366 367 368 371 377 382 384 394 397 402 405 406 418 430 433 434 437 439 446 453 455 466 471 476 479 483 484 485 490
V3:  23 25 75 77 95 120 128 131 152 161 165 177 190 192 195 199 211 216 236 237 273 296 300 316 341 384 394 397 418 433 437 439 453 471 476 485 490
gap: 0.265198
status: feasible
