obj: 31.000000 time: 0.059715 gap: 70.023603 iter: 690
obj: 24.000000 time: 0.314615 gap: 54.755986 iter: 1619
obj: 22.000000 time: 0.465075 gap: 49.018396 iter: 2181
obj: 19.000000 time: 1.091381 gap: 38.717071 iter: 3276
obj: 18.000000 time: 5.492777 gap: 33.796104 iter: 27857
obj: 16.000000 time: 6.032335 gap: 25.455585 iter: 33654
obj: 15.000000 time: 9.427105 gap: 17.672084 iter: 81856
obj: 14.000000 time: 18.751475 gap: 10.027960 iter: 225514

obj: 14 time: 22.6186
V1:  1 2 3 9 12 13 15 16 17 22 23 26 28 31 32 34 35 36 37 40 42 48 53 54 57 61 66 75 77 81 82 83 85 86 87 91 92 94 96 98 100 104 105 107 114 116 117 119 121 122 123 124 127 128 132 135 136 137 144 152 154 156 157 158 159 162 164 169 171 172 173 174 180 183 190 195 196 197
V2:  1 2 9 22 26 28 31 32 34 36 42 48 53 57 61 66 77 81 82 83 87 92 94 98 100 107 116 119 122 127 128 132 136 157 162 164 172 183 190
V3:  2 28 34 36 42 48 77 82 83 87 94 98 100 107 119 127 164 172 190
gap: 0
status: feasible
