obj: 10.000000 time: 0.010835 gap: 74.500000 iter: 157
obj: 7.000000 time: 0.046343 gap: 54.465900 iter: 286
obj: 6.000000 time: 0.090259 gap: 46.666667 iter: 459

obj: 6 time: 0.1726
V1:  1 5 7 9 11 12 14 18 20 25 27 31 32 34 37 39 41 42 43
V2:  1 5 7 9 11 12 14 18 25 31 34 42 43
V3:  7 12 18 25 31
gap: 0
status: feasible
