obj: 15.000000 time: 0.022481 gap: 53.333333 iter: 239
obj: 9.000000 time: 0.116879 gap: 22.222222 iter: 627
obj: 8.000000 time: 0.348721 gap: 0.000000 iter: 8341

obj: 8 time: 0.348996
V1:  0 1 3 4 6 7 8 11 12 13 14 16 17 19 21 23 27 32 35 37 40 41 46 48 54 55 62 63 66 74 78
V2:  0 1 6 11 13 14 17 19 21 32 37 40 41 46 48 54 55 66 74 78
V3:  14 32 40 55 66 74
gap: 0
status: feasible
