obj: 21.000000 time: 0.239812 gap: 89.684616 iter: 1906
obj: 15.000000 time: 1.324176 gap: 81.653424 iter: 2770
obj: 12.000000 time: 2.959743 gap: 77.034011 iter: 16992
obj: 11.000000 time: 2.970403 gap: 74.946194 iter: 17025
obj: 9.000000 time: 3.727714 gap: 68.675242 iter: 21889
obj: 8.000000 time: 9.950937 gap: 62.861223 iter: 33414
obj: 7.000000 time: 81.226870 gap: 51.479833 iter: 755566

obj: 7 time: 1198.4
V1:  0 4 7 9 10 19 24 26 27 28 29 30 34 35 36 38 40 42 48 49 52 54 56 57 60 62 64 65 75 76 77 80 84 85 86 87 88 93 94 95 96 97 100 104 106 107 108 109 110 115 116 117 122 125 126 127 128 129 130 136 137 139 146 150 151 158 160 168 173 177 181 183 190 191 194 197 201 202 204 212 215 216 217 218 222 223 224 227 229 231 235 239 245 251 252 254 255 258 260 262 263 264 265 267 269 272 273 274 279 282 287 290 293 295 296
V2:  10 24 26 34 38 42 49 52 60 62 65 75 77 80 84 85 86 88 93 95 97 106 108 109 122 125 127 129 136 139 151 177 183 194 201 202 216 217 223 224 227 229 239 254 258 260 262 263 264 265 273 279 290 296
V3:  10 24 49 52 62 77 80 106 125 139 177 194 201 217 229 258 260 262 263 265 273 290 296
gap: 0.444924
status: feasible
