obj: 26.000000 time: 0.239158 gap: 100.172925 iter: 1635
obj: 23.000000 time: 0.810023 gap: 99.614376 iter: 2272
obj: 15.000000 time: 2.308715 gap: 98.470896 iter: 2757
obj: 14.000000 time: 5.007490 gap: 98.068205 iter: 25722
obj: 13.000000 time: 14.438199 gap: 96.488622 iter: 42664
obj: 12.000000 time: 20.176295 gap: 95.936011 iter: 63657
obj: 10.000000 time: 41.915714 gap: 93.881892 iter: 242167
obj: 9.000000 time: 60.798388 gap: 92.555159 iter: 422697
obj: 8.000000 time: 70.275768 gap: 91.393079 iter: 502780
obj: 7.000000 time: 339.008295 gap: 85.229061 iter: 2661080

obj: 7 time: 1200.07
V1:  3 4 6 8 9 11 15 16 17 18 20 22 24 26 27 28 31 34 39 40 41 45 46 55 58 60 62 63 64 68 69 71 73 74 75 84 85 87 88 91 93 94 96 97 105 110 113 116 118 120 122 123 125 130 133 137 143 151 152 156 157 159 162 172 173 178 185 188 189 190 196 198 199 200 203 204 205 206 215 218 231 234 235 239 240 241 243 244 245 247 254 255 256 259 260 261 272 277 278 288 289 290 292 293 295 296 299 300 305 307 309 311 313 314 315 316 319 322 323 324 327 330 334 337 339 344 347 348 349 350 353 354 360 361 363 367 368 369 372 373 375 376 378 381 383 384 385 386 387 390 397
V2:  8 15 16 17 18 22 26 27 28 34 39 40 41 45 46 55 58 60 64 68 71 73 74 85 91 94 105 116 122 151 172 173 185 188 189 196 199 200 204 205 215 231 234 235 240 247 255 256 261 289 290 292 299 305 313 314 315 316 334 337 344 349 350 361 367 368 369 375 376 383 385 387 390
V3:  15 22 26 27 28 55 58 71 73 85 116 173 185 188 189 200 215 231 240 255 256 261 289 315 316 361 369 375 376 383 387 390
gap: 0.805087
status: feasible
