obj: 14.000000 time: 0.018731 gap: 46.428571 iter: 229
obj: 11.000000 time: 0.046159 gap: 20.979021 iter: 402
obj: 10.000000 time: 0.087825 gap: 12.666667 iter: 747

obj: 10 time: 0.162089
V1:  3 5 6 7 8 10 11 15 19 20 21 25 27 28 29 30 35 39 43 47
V2:  5 7 8 10 11 15 19 20 25 27 28 29 35 43 47
V3:  8 15 20 25 29
gap: 0
status: feasible
