obj: 46.000000 time: 0.124954 gap: 66.118124 iter: 1186
obj: 43.000000 time: 0.474653 gap: 56.765682 iter: 2455
obj: 32.000000 time: 1.579707 gap: 39.074281 iter: 5213
obj: 29.000000 time: 8.466452 gap: 30.947993 iter: 31398
obj: 28.000000 time: 19.285550 gap: 27.026101 iter: 111158
obj: 26.000000 time: 19.783112 gap: 21.383562 iter: 114638
obj: 25.000000 time: 47.790885 gap: 17.337883 iter: 355480
obj: 24.000000 time: 1103.192430 gap: 8.787635 iter: 7699564

obj: 24 time: 1200.02
V1:  0 1 2 5 8 17 18 23 26 27 30 31 32 37 41 44 47 49 50 51 57 64 66 68 69 70 72 73 76 79 80 81 83 84 86 93 103 104 107 108 109 111 112 116 117 118 120 121 122 125 127 129 130 134 140 141 142 144 153 155 157 158 161 164 166 168 169 171 177 179 180 182 183 186 189 190 192 194 195 198 200 202 203 204 213 214 216 219 220 222 228 229 231 238 239 245 246 247 248 249 250 254 256 257 258 260 265 267 269 270 277 282 285 286 287 289 291 294 296 299
V2:  0 1 8 17 18 26 27 30 31 37 41 44 49 50 64 73 76 79 81 84 103 104 107 109 112 116 117 118 121 122 142 153 155 161 166 168 179 186 190 192 194 203 204 213 214 220 222 231 238 239 247 248 249 250 260 265 267 277 289 299
V3:  18 27 30 41 84 103 109 112 116 118 121 142 153 166 168 179 194 203 214 238 239 250 265 289
gap: 0.0867966
status: feasible
