obj: 16.000000 time: 0.021252 gap: 70.089286 iter: 184
obj: 13.000000 time: 0.051433 gap: 58.730159 iter: 339
obj: 10.000000 time: 0.058584 gap: 44.761905 iter: 424
obj: 8.000000 time: 0.146328 gap: 27.840756 iter: 766
obj: 7.000000 time: 0.158735 gap: 0.000000 iter: 1198

obj: 7 time: 0.15896
V1:  1 2 4 5 10 14 15 16 26 27 29 30 33 36 37 38 39 40 43 48 50 52 54 58 59 60 65 69 73 75 77
V2:  4 5 14 15 26 30 33 39 40 48 52 58 60 65 69 77
V3:  4 14 33 39 48 52 58 65 69
gap: 0
status: feasible
