obj: 16.000000 time: 0.020684 gap: 56.250000 iter: 245
obj: 13.000000 time: 0.054041 gap: 33.390061 iter: 439
obj: 12.000000 time: 0.268336 gap: 17.458746 iter: 2712
obj: 11.000000 time: 0.274138 gap: 9.954995 iter: 2866

obj: 11 time: 0.318969
V1:  1 5 6 7 9 10 12 19 21 22 24 28 30 40 42 43 44 48 49 50 51 52 54 56 57 59 60 67 69 71 77
V2:  1 5 10 21 22 30 40 42 43 44 48 49 52 54 57 60 67 69 71
V3:  1 5 30 43 44 54 57 67 69 71
gap: 0
status: feasible
