obj: 6.000000 time: 0.013858 gap: 50.000000 iter: 134
obj: 5.000000 time: 0.057994 gap: 40.000000 iter: 196
obj: 4.000000 time: 0.071391 gap: 25.000000 iter: 728
obj: 3.000000 time: 0.126779 gap: 0.000000 iter: 2648

obj: 3 time: 0.127017
V1:  0 1 2 6 15 16 17 20 21 22 23 24 30 32 34 36 43 48
V2:  1 6 15 16 17 20 21 23 30 34 36
V3:  1 15 16 17 20 30
gap: 0
status: feasible
