obj: 23.000000 time: 0.149523 gap: 103.198323 iter: 1143
obj: 19.000000 time: 0.641469 gap: 99.822129 iter: 1935
obj: 14.000000 time: 1.816868 gap: 98.525681 iter: 2703
obj: 9.000000 time: 3.294343 gap: 97.558882 iter: 17997
obj: 7.000000 time: 3.414303 gap: 96.861419 iter: 19380
obj: 6.000000 time: 4.581254 gap: 94.691857 iter: 27152
obj: 5.000000 time: 175.951138 gap: 81.989855 iter: 1226737
obj: 4.000000 time: 262.331619 gap: 73.078389 iter: 1914420

obj: 4 time: 1200.24
V1:  0 1 2 6 7 15 17 19 27 28 29 32 37 41 48 49 51 52 53 54 58 61 62 66 67 69 70 73 77 84 86 88 89 94 98 100 101 103 108 112 114 119 121 124 127 131 132 136 139 143 146 147 148 152 155 157 160 161 162 165 166 170 172 175 179 180 182 183 186 187 188 191 193 197 200 201 203 206 209 210 211 212 215 217 218 227 228 230 231 235 236 237 238 239 240 241 243 248 249 252 256 260 264 269 270 276 280 282 285 286 288 289 293 294 296
V2:  2 15 19 28 48 49 54 69 70 77 101 112 114 121 127 139 143 146 147 148 152 155 157 160 170 175 180 182 187 197 210 211 228 230 235 236 238 239 248 249 260 264 270 280 282 289 293 294 296
V3:  15 19 28 101 112 127 139 147 157 160 175 180 182 187 211 228 236 238 239 249 260 264 282 289 296
gap: 0.635051
status: feasible
