obj: 72.000000 time: 0.253146 gap: 73.263889 iter: 2120
obj: 66.000000 time: 0.884920 gap: 65.420035 iter: 3749
obj: 55.000000 time: 5.907072 gap: 52.606731 iter: 13363
obj: 50.000000 time: 25.093067 gap: 47.172061 iter: 57804
obj: 47.000000 time: 79.087469 gap: 43.452013 iter: 291632
obj: 45.000000 time: 90.180657 gap: 40.914348 iter: 348278
obj: 43.000000 time: 140.991040 gap: 37.968947 iter: 601621
obj: 42.000000 time: 166.607599 gap: 36.433434 iter: 655892
obj: 40.000000 time: 250.684272 gap: 33.086540 iter: 1096248
obj: 39.000000 time: 337.685141 gap: 31.274182 iter: 1561333
obj: 37.000000 time: 395.159671 gap: 27.467766 iter: 1866769
obj: 36.000000 time: 732.124031 gap: 25.088683 iter: 3582211
obj: 35.000000 time: 1090.337975 gap: 22.723229 iter: 5424190

obj: 35 time: 1200.02
V1:  3 11 12 13 14 15 16 20 22 24 26 27 28 32 35 37 38 41 47 52 53 58 59 61 62 64 65 66 67 68 71 73 76 77 78 80 81 83 85 88 90 97 100 101 102 103 104 108 110 112 113 121 123 125 126 127 128 130 133 137 139 140 141 142 143 148 149 151 152 153 159 160 170 174 179 181 185 187 189 191 192 201 206 207 212 216 220 225 227 229 235 237 241 242 243 244 247 248 250 253 256 258 259 260 263 264 266 270 274 275 276 277 280 285 286 290 292 293 300 301 302 303 313 315 325 328 329 331 333 334 337 339 340 341 346 347 350 352 353 354 355 356 358 359 362 365 370 373 375 377 379 380 381 384 385 390 392 394 395 396 397 398 400 401 402 403 404 406 408 410 412 416 418 427 428 431 432 436 438 440 441 442 443 451 452 453 457 459 463 465 471 476 477 482 484 486 487 497
V2:  3 11 14 15 24 28 38 41 62 66 68 71 80 81 83 90 97 100 103 110 121 125 126 127 128 130 137 141 142 143 148 149 151 153 160 174 185 187 207 216 220 227 235 237 248 250 259 263 266 270 274 276 277 280 290 303 331 333 334 337 339 341 347 350 352 355 359 365 370 377 380 381 385 390 392 394 395 396 397 398 401 402 403 406 408 410 427 431 432 436 438 440 451 452 457 459 465 476 487 497
V3:  3 15 24 28 38 41 68 71 80 100 103 126 137 143 148 151 153 174 185 220 227 237 250 266 277 290 333 347 350 352 355 377 385 395 398 403 406 432 451
gap: 0.227078
status: feasible
