obj: 42.000000 time: 0.451057 gap: 102.591500 iter: 2483
obj: 31.000000 time: 1.213268 gap: 101.870726 iter: 3383
obj: 23.000000 time: 5.112590 gap: 100.751655 iter: 6504
obj: 20.000000 time: 27.250117 gap: 99.150430 iter: 54193
obj: 19.000000 time: 47.571902 gap: 99.021664 iter: 118879
obj: 17.000000 time: 50.450744 gap: 98.827655 iter: 134213
obj: 15.000000 time: 92.521484 gap: 98.110973 iter: 308896
obj: 14.000000 time: 173.262797 gap: 97.673639 iter: 676780
obj: 13.000000 time: 173.596461 gap: 97.493481 iter: 676914
obj: 12.000000 time: 186.988900 gap: 97.215214 iter: 721722
obj: 11.000000 time: 304.998120 gap: 96.561121 iter: 1295026
obj: 10.000000 time: 336.145240 gap: 96.064249 iter: 1441938
obj: 9.000000 time: 930.821019 gap: 94.031717 iter: 4419647

obj: 9 time: 1200.4
V1:  6 13 17 18 19 22 24 25 28 31 32 34 36 37 38 40 41 42 44 51 55 60 62 63 64 71 72 73 74 75 78 79 82 86 90 92 94 95 96 97 99 101 102 104 107 111 112 114 118 120 125 126 129 135 139 141 151 152 153 157 158 159 160 161 163 169 171 172 175 179 182 184 185 186 187 191 193 194 196 198 199 203 207 208 211 212 216 218 219 223 227 229 230 231 232 237 238 241 242 245 248 251 253 255 262 264 273 274 277 285 293 295 297 300 301 307 308 311 312 313 319 320 321 324 327 330 332 340 341 342 343 344 345 348 350 351 352 354 356 360 362 364 366 369 371 379 380 384 386 387 388 389 390 393 399 404 405 407 411 413 415 416 417 420 424 425 427 429 432 434 437 438 442 446 448 455 459 461 462 464 466 468 469 470 473 475 477 482 485 486 487 488 490 492 493 496
V2:  17 28 31 32 36 37 38 40 55 60 74 78 82 86 92 99 102 104 114 120 126 135 139 151 152 153 158 161 171 172 182 193 198 216 218 219 223 230 231 237 241 245 264 274 277 295 297 301 308 313 330 332 340 341 342 344 345 348 350 351 356 364 389 393 404 407 420 425 432 442 446 461 462 466 468 470 475 487 488 490 496
V3:  28 38 40 78 82 86 102 104 114 139 161 172 193 198 216 231 237 245 264 277 297 341 345 389 393 420 442 446 461 462 466 470 487 488 490 496
gap: 0.938121
status: feasible
