obj: 13.000000 time: 0.027606 gap: 66.153846 iter: 235
obj: 11.000000 time: 0.129446 gap: 50.274460 iter: 731
obj: 9.000000 time: 0.387419 gap: 33.095836 iter: 3923
obj: 8.000000 time: 0.570255 gap: 21.888359 iter: 9364

obj: 8 time: 1.31582
V1:  0 2 5 10 13 14 18 23 24 29 30 31 32 35 38 41 45 47 54 55 56 58 60 62 63 66 67 68 75 77 80 81 83 86 89 90 91 92 96
V2:  0 2 18 23 32 35 38 45 47 56 58 62 63 66 68 80 83 91 92 96
V3:  32 45 47 58 63 66 68 80 83 92
gap: 0
status: feasible
