obj: 34.000000 time: 0.860550 gap: 95.804978 iter: 4471
obj: 32.000000 time: 1.548646 gap: 93.448162 iter: 5149
obj: 27.000000 time: 4.145005 gap: 91.368306 iter: 6147
obj: 20.000000 time: 25.803464 gap: 86.326011 iter: 58836
obj: 19.000000 time: 41.586791 gap: 84.933071 iter: 116735
obj: 17.000000 time: 68.347288 gap: 82.721080 iter: 261271
obj: 16.000000 time: 87.467332 gap: 81.513009 iter: 375443
obj: 15.000000 time: 347.724999 gap: 79.227894 iter: 1794404
obj: 14.000000 time: 911.420245 gap: 76.582872 iter: 4295070

obj: 14 time: 1200.12
V1:  2 4 5 6 10 16 17 20 22 23 26 30 31 32 33 35 38 40 41 45 48 50 55 56 57 62 63 64 69 70 71 72 75 78 79 85 89 93 98 99 102 103 104 105 107 108 109 114 119 125 127 128 129 130 132 133 134 142 143 149 152 159 161 162 163 164 166 176 178 183 184 185 186 187 189 194 196 200 201 205 208 210 211 212 213 218 220 223 224 230 232 234 237 239 240 241 242 243 245 246 251 252 253 254 255 257 258 259 260 261 269 270 271 272 274 277 280 282 284 287 288 296 298 299 304 311 312 315 317 318 321 322 323 324 325 326 334 335 338 340 341 342 344 345 346 350 351 354 357 360 361 363 365 366 372 373 374 376 379 380 381 382 386 387 391 393 397 398 404 406 408 411 413 414 415 418 419 428 430 441 442 446 448 449 450 455 458 459 461 466 473 477 478 479 489 490 491 496
V2:  16 17 23 26 30 50 55 56 64 69 70 72 75 78 79 93 103 107 109 119 125 128 133 142 143 149 163 164 166 178 183 184 189 201 208 212 220 230 232 234 239 240 243 252 254 255 257 269 270 274 287 298 318 324 326 335 338 342 345 346 350 361 373 376 381 386 397 414 415 418 419 446 448 450 455 477 478 479 491
V3:  16 17 30 50 55 56 64 78 103 107 125 133 143 149 164 183 208 220 232 240 255 270 274 298 324 342 345 346 350 376 381 386 414 415 418 419 446 448 477
gap: 0.762167
status: feasible
