obj: 7.000000 time: 0.027186 gap: 38.095238 iter: 238
obj: 6.000000 time: 0.104586 gap: 27.777778 iter: 379
obj: 5.000000 time: 0.128222 gap: 0.000000 iter: 987

obj: 5 time: 0.128503
V1:  1 3 4 5 6 7 10 16 17 18 22 23 25 29 32 35 40 46 48 53 56 59 64 66 68 69 71 73 76 79 80 83 84 85 86 88 91 96 97 98
V2:  1 3 7 17 18 25 29 53 59 64 66 69 71 79 84 85 88 98
V3:  17 18 59 69 79 84 88
gap: 0
status: feasible
