obj: 22.000000 time: 0.017128 gap: 68.181818 iter: 216
obj: 13.000000 time: 0.054353 gap: 43.130217 iter: 377
obj: 12.000000 time: 0.164529 gap: 28.263403 iter: 1361
obj: 11.000000 time: 0.187058 gap: 21.741894 iter: 2106

obj: 11 time: 4.50129
V1:  0 2 4 5 7 8 15 19 23 24 27 29 34 36 37 39 43 47 48 51 52 58 65 66 67 69 70 72 76 77 78
V2:  0 4 8 19 23 24 27 29 37 47 48 51 52 58 65 66 69 72 76 77 78
V3:  19 24 29 47 65 69 76 77
gap: 0
status: feasible
