obj: 24.000000 time: 0.152638 gap: 95.071708 iter: 1151
obj: 21.000000 time: 0.720539 gap: 90.654925 iter: 2050
obj: 14.000000 time: 1.757333 gap: 85.018002 iter: 2812
obj: 12.000000 time: 3.296047 gap: 82.012249 iter: 19095
obj: 9.000000 time: 4.566861 gap: 75.901245 iter: 26628
obj: 8.000000 time: 22.762551 gap: 71.081545 iter: 105984
obj: 7.000000 time: 27.958028 gap: 66.440861 iter: 143515
obj: 6.000000 time: 679.227326 gap: 51.730944 iter: 5365750

obj: 6 time: 1200.04
V1:  0 1 2 5 8 13 15 16 19 23 26 27 29 32 34 36 38 40 44 47 49 52 53 54 56 63 64 67 70 71 73 74 75 76 77 78 79 81 87 91 92 94 96 97 98 99 100 102 103 106 107 108 109 110 115 116 117 119 120 122 129 137 139 144 145 148 150 152 153 154 155 156 159 160 161 162 164 166 169 176 180 184 187 190 191 192 194 195 202 209 211 217 221 223 224 225 226 230 235 239 248 250 256 257 262 270 276 280 282 286 287 289 297 298 299
V2:  1 13 16 19 26 32 38 40 44 52 54 56 64 71 74 75 78 79 91 92 96 102 103 108 116 145 150 152 153 162 184 191 202 211 221 223 226 235 239 248 250 256 262 280 282 286 287 297
V3:  1 13 16 38 40 52 54 64 71 74 79 92 102 103 116 145 152 162 184 191 211 221 223 235 250 262 280 287
gap: 0.497581
status: feasible
