obj: 5.000000 time: 0.005829 gap: 40.000000 iter: 43
obj: 4.000000 time: 0.011249 gap: 25.000000 iter: 79

obj: 4 time: 0.017345
V1:  0 6 10 11 12 13 14 16 18
V2:  6 16 18
V3:  6 16 18
gap: 0
status: feasible
