obj: 80.000000 time: 0.219891 gap: 71.584578 iter: 1922
obj: 70.000000 time: 0.710003 gap: 64.355654 iter: 3023
obj: 67.000000 time: 4.199730 gap: 59.875103 iter: 9127
obj: 61.000000 time: 7.147028 gap: 55.621912 iter: 33946
obj: 58.000000 time: 7.308285 gap: 53.326493 iter: 35574
obj: 46.000000 time: 8.349864 gap: 41.150796 iter: 37790
obj: 45.000000 time: 86.564397 gap: 37.427153 iter: 309542
obj: 44.000000 time: 113.627606 gap: 35.846101 iter: 430871
obj: 42.000000 time: 190.496659 gap: 32.362556 iter: 669565
obj: 41.000000 time: 460.439400 gap: 30.054660 iter: 1786634
obj: 40.000000 time: 1163.794162 gap: 26.801395 iter: 4688473

obj: 40 time: 1200.03
V1:  0 1 2 12 15 16 17 18 19 34 36 40 42 45 46 48 49 50 51 52 53 54 55 58 59 60 63 64 70 76 78 82 83 85 87 88 92 97 98 104 105 107 108 117 123 124 129 130 133 134 135 136 138 139 143 147 148 150 151 153 158 159 163 166 169 170 172 175 176 179 180 182 184 185 186 187 191 192 195 198 199 201 202 203 205 206 207 210 212 215 216 218 222 223 226 229 231 233 234 235 237 239 240 241 244 250 252 258 260 261 263 266 278 280 282 283 285 286 287 288 289 291 292 294 296 298 299 303 305 311 313 314 317 318 319 320 326 331 333 338 342 344 345 346 350 351 354 356 357 358 364 365 367 368 370 371 373 378 380 385 395 401 404 405 407 411 412 413 418 420 425 426 435 447 449 450 456 457 458 459 463 467 468 469 470 471 473 474 476 477 479 480 481 482 483 492 495
V2:  0 1 2 12 15 16 17 18 19 34 40 42 45 46 52 53 54 58 60 64 76 83 85 87 88 105 108 117 124 129 133 143 148 158 163 169 170 172 185 186 187 192 198 199 203 212 215 216 218 222 223 226 233 235 239 240 250 252 263 282 286 287 288 289 291 294 296 298 303 311 313 318 319 331 333 342 354 356 357 364 365 368 371 373 378 395 404 407 413 426 435 449 457 458 459 463 468 469 473 474 477 482 483 492
V3:  0 1 16 17 19 34 40 45 52 53 58 60 88 124 129 148 158 169 172 186 198 212 215 216 226 239 240 287 289 296 298 303 354 356 364 368 378 413 435 457 468 492
gap: 0.26789
status: feasible
