obj: 7.000000 time: 0.012913 gap: 42.857143 iter: 151
obj: 6.000000 time: 0.034907 gap: 29.166667 iter: 335

obj: 6 time: 0.067391
V1:  7 8 10 13 16 19 22 23 25 26 27 28 31 32 36 37 38 39 43 45
V2:  7 8 13 16 22 23 25 27 37 38 39 43
V3:  23 25 38 43
gap: 0
status: feasible
