obj: 8.000000 time: 0.026563 gap: 62.500000 iter: 199
obj: 5.000000 time: 0.188850 gap: 29.522042 iter: 780
obj: 4.000000 time: 0.680226 gap: 0.000000 iter: 13517

obj: 4 time: 0.680589
V1:  4 8 10 13 18 20 22 25 28 29 34 36 37 39 40 41 42 44 47 48 51 52 58 59 62 63 66 69 72 79 81 82 83 86 88 90 94 95 96 99
V2:  8 10 13 20 22 29 34 36 40 47 59 62 63 81 83 88 90
V3:  8 10 13 20 62 88 90
gap: 0
status: feasible
