obj: 26.000000 time: 0.057230 gap: 66.972122 iter: 580
obj: 24.000000 time: 0.300578 gap: 53.256885 iter: 1740
obj: 21.000000 time: 0.429618 gap: 44.621546 iter: 2186
obj: 20.000000 time: 1.258862 gap: 37.097247 iter: 4501
obj: 18.000000 time: 2.138476 gap: 29.540313 iter: 13243
obj: 17.000000 time: 2.463366 gap: 25.229019 iter: 16680
obj: 16.000000 time: 31.744185 gap: 10.956302 iter: 296703

obj: 16 time: 50.7381
V1:  4 5 7 15 16 18 20 23 26 27 30 34 36 37 39 42 43 51 52 53 56 59 60 61 68 70 73 74 75 76 77 79 80 82 88 92 93 101 105 111 116 121 124 127 129 132 133 136 138 143 146 150 151 155 156 160 164 165 169 171 173 175 176 177 178 179 180 182 184 186 189 192 193 197
V2:  5 7 15 30 34 36 42 53 56 59 61 68 73 74 75 80 82 92 93 101 105 111 116 121 124 129 132 136 138 143 150 151 155 164 165 169 176 178 179 180 182 184 192 193
V3:  5 34 36 56 59 74 80 92 93 101 105 111 116 124 132 138 150 155 165 176 180 182 184 193
gap: 0
status: feasible
