obj: 8.000000 time: 0.021017 gap: 93.750000 iter: 222
obj: 5.000000 time: 0.057297 gap: 87.619048 iter: 384
obj: 3.000000 time: 0.079087 gap: 66.666667 iter: 514
obj: 2.000000 time: 0.135190 gap: 50.000000 iter: 678

obj: 2 time: 0.262382
V1:  0 3 4 9 12 20 32 33 35 37 40 43 44 49 51 52 57 58 60 61 63 64 66 69 71 75 77 78 79
V2:  0 12 33 37 49 51 52 57 58 60 63 64 66 69 71 75 77 78
V3:  49 51 52 57 58 78
gap: 0
status: feasible
