obj: 28.000000 time: 0.164643 gap: 87.543352 iter: 1177
obj: 23.000000 time: 0.682122 gap: 82.530289 iter: 2084
obj: 16.000000 time: 0.826906 gap: 74.176416 iter: 2402
obj: 15.000000 time: 1.603118 gap: 71.255212 iter: 2931
obj: 14.000000 time: 4.183107 gap: 68.001523 iter: 21668
obj: 13.000000 time: 4.195982 gap: 65.540102 iter: 21693
obj: 12.000000 time: 11.943912 gap: 61.489207 iter: 39169
obj: 11.000000 time: 30.323419 gap: 55.870926 iter: 196629
obj: 10.000000 time: 49.208451 gap: 50.869316 iter: 367290
obj: 9.000000 time: 78.968124 gap: 44.848858 iter: 578549
obj: 8.000000 time: 1126.468706 gap: 31.697291 iter: 8337217

obj: 8 time: 1197.5
V1:  2 3 5 8 10 12 22 23 28 29 30 34 39 42 44 45 46 47 48 52 57 60 61 62 63 67 68 73 74 78 83 84 86 88 89 91 92 93 94 95 98 99 102 104 105 110 111 117 120 123 124 125 126 133 135 137 140 142 147 148 151 153 154 157 158 159 160 162 166 167 168 170 175 177 178 182 183 184 185 186 187 190 193 195 204 207 209 213 215 218 220 228 230 237 238 239 241 243 246 247 251 255 256 261 262 266 267 269 271 276 278 281 285 289 292 294 295 296 298 299
V2:  22 39 44 47 52 57 60 61 63 67 68 73 74 86 89 91 92 94 99 102 104 110 111 120 125 126 135 137 142 147 148 151 153 159 162 177 185 187 195 204 209 215 237 238 243 246 247 255 256 285
V3:  22 47 63 74 92 99 104 120 135 151 153 159 195 204 215 246 247 255
gap: 0.316378
status: feasible
