obj: 73.000000 time: 0.285350 gap: 73.677070 iter: 2270
obj: 70.000000 time: 0.943072 gap: 67.643199 iter: 3540
obj: 51.000000 time: 2.355750 gap: 52.743028 iter: 7250
obj: 46.000000 time: 2.423123 gap: 47.606400 iter: 7250
obj: 39.000000 time: 5.834178 gap: 36.374987 iter: 11147
obj: 38.000000 time: 99.023827 gap: 32.587602 iter: 359660
obj: 37.000000 time: 115.642314 gap: 30.554495 iter: 435450
obj: 36.000000 time: 385.240399 gap: 27.740324 iter: 1555851
obj: 35.000000 time: 1088.650974 gap: 24.582299 iter: 4633648
obj: 34.000000 time: 1164.551551 gap: 22.315717 iter: 4739855
obj: 33.000000 time: 1197.656417 gap: 19.936036 iter: 4820209

obj: 33 time: 1200.08
V1:  2 9 12 16 19 20 21 22 23 24 27 30 32 37 38 40 42 43 45 47 48 51 52 55 56 60 66 67 69 77 80 82 83 85 92 98 104 106 107 108 109 111 113 114 119 120 123 131 132 137 140 141 143 147 148 149 150 151 152 153 158 162 163 165 168 173 174 175 183 184 186 187 190 193 195 203 205 206 210 211 213 214 217 218 220 221 222 230 231 237 238 239 240 246 247 249 254 256 257 259 263 264 271 272 275 276 280 281 283 284 285 287 290 291 292 299 301 303 304 305 307 310 311 312 313 314 316 318 320 321 327 330 331 333 334 335 336 339 343 344 349 356 357 359 363 368 372 374 376 378 379 381 390 393 394 397 398 402 411 413 414 419 420 421 422 425 427 432 434 436 437 438 440 445 448 451 453 455 457 461 470 471 474 475 477 478 487 488 491 492 495 497 498 499
V2:  2 16 20 21 22 23 27 30 32 37 43 45 47 48 56 60 66 77 83 85 104 106 108 111 113 114 131 132 137 143 147 149 151 152 153 162 165 174 175 183 193 203 205 206 210 211 213 214 218 220 221 222 238 239 246 249 256 257 263 272 281 285 287 290 291 292 304 305 311 314 316 318 330 334 335 339 343 356 359 372 376 378 381 390 393 398 420 422 425 427 432 434 436 438 440 448 457 461 470 471 475 478 495 498
V3:  22 23 32 37 45 47 48 60 77 104 108 113 114 143 147 151 152 162 175 221 239 246 256 257 263 272 304 305 316 318 334 339 356 378 381 436 440 448 457 461 471
gap: 0.199355
status: feasible
