obj: 13.000000 time: 0.075538 gap: 100.538745 iter: 650
obj: 11.000000 time: 1.335914 gap: 89.026895 iter: 2675
obj: 9.000000 time: 1.962702 gap: 85.669515 iter: 11203
obj: 8.000000 time: 1.969970 gap: 83.878204 iter: 11234
obj: 7.000000 time: 2.593262 gap: 81.513727 iter: 16230
obj: 6.000000 time: 15.057546 gap: 70.526784 iter: 109690
obj: 5.000000 time: 15.725669 gap: 63.759255 iter: 113140
obj: 4.000000 time: 688.483661 gap: 27.250186 iter: 6208464

obj: 4 time: 702.284
V1:  2 5 6 7 8 13 15 18 19 21 22 24 28 31 32 37 40 44 45 49 52 54 57 58 59 60 61 64 65 66 68 70 72 73 76 80 82 84 92 93 94 95 96 97 99 103 112 117 122 134 136 138 143 146 152 155 156 157 158 160 163 166 169 172 173 174 175 176 178 182 183 186 188 193 196 199
V2:  5 6 7 18 19 21 22 24 28 31 37 45 52 59 60 61 65 66 70 72 80 93 96 112 122 143 146 155 160 163 169 174 178 186
V3:  5 6 7 18 19 24 28 31 60 61 66 70 80 93 96 112 122 178
gap: 0
status: feasible
