obj: 43.000000 time: 0.414174 gap: 101.753787 iter: 2144
obj: 23.000000 time: 0.942298 gap: 101.718373 iter: 2459
obj: 17.000000 time: 1.687163 gap: 101.979676 iter: 2675
obj: 15.000000 time: 8.900966 gap: 99.875972 iter: 36039
obj: 12.000000 time: 11.854664 gap: 99.018068 iter: 43961
obj: 11.000000 time: 132.843638 gap: 94.937739 iter: 566339
obj: 9.000000 time: 160.389941 gap: 93.639846 iter: 688163
obj: 8.000000 time: 219.115704 gap: 92.405792 iter: 985141

obj: 8 time: 1199.94
V1:  2 3 5 8 9 13 14 15 19 20 21 22 24 31 32 33 36 38 39 41 46 48 50 52 53 54 58 60 68 70 71 77 79 85 88 89 94 95 96 99 100 101 102 105 108 116 118 119 123 124 126 130 131 132 133 135 141 146 147 149 150 152 154 158 161 163 165 167 169 171 172 175 177 178 179 181 182 183 185 186 188 189 190 197 198 205 214 218 219 223 229 231 234 235 236 237 241 247 249 250 252 258 259 264 265 268 271 272 278 280 283 290 291 294 295 299 302 304 306 309 312 316 317 323 328 332 334 341 348 349 353 356 359 360 362 363 365 368 369 371 373 374 376 380 381 384 387 388 393 397 401 404 406 408 410 414 415 416 417 420 422 423 430 432 433 434 436 437 438 440 441 442 443 445 447 449 450 453 456 460 461 463 467 470 473 474 476 478 479 480 481 483 487 488 489 492 495 497 498 499
V2:  3 14 19 20 39 41 50 53 77 79 85 89 99 101 116 118 130 131 132 133 149 154 163 165 169 171 179 186 189 198 205 218 223 235 272 278 280 290 295 302 304 312 316 334 341 348 349 353 360 363 368 369 373 384 387 401 404 408 410 417 430 432 433 436 437 441 445 449 450 453 461 463 467 470 473 478 492 495 497 498
V3:  3 14 20 39 53 85 101 118 165 272 304 341 348 353 360 368 401 408 410 417 430 433 436 445 473 495 497 498
gap: 0.89432
status: feasible
