obj: 18.000000 time: 0.164655 gap: 112.872061 iter: 1108
obj: 12.000000 time: 0.667319 gap: 113.312533 iter: 2055
obj: 9.000000 time: 2.369414 gap: 114.720504 iter: 3522
obj: 7.000000 time: 10.809221 gap: 112.764224 iter: 26411
obj: 6.000000 time: 26.944173 gap: 111.050273 iter: 120819
obj: 5.000000 time: 31.329994 gap: 112.160705 iter: 151080
obj: 4.000000 time: 40.953219 gap: 114.190793 iter: 221256
obj: 3.000000 time: 90.149565 gap: 114.712273 iter: 597609

obj: 3 time: 1200.16
V1:  1 2 4 6 7 8 9 10 17 21 22 26 30 31 32 35 38 41 44 52 57 60 61 63 66 83 87 88 92 99 102 103 104 107 108 109 111 112 116 117 123 125 126 127 131 132 133 136 137 138 141 143 144 145 147 149 150 151 153 162 164 170 171 174 175 184 187 191 193 194 198 202 203 205 206 207 208 210 211 214 219 222 224 227 231 233 241 242 244 247 250 251 254 258 260 261 265 266 268 270 271 272 276 278 280 281 282 283 284 291 292 293
V2:  1 2 8 9 22 32 41 44 52 57 63 88 92 102 108 111 112 116 117 123 125 132 143 144 150 151 153 162 164 175 184 193 198 207 208 211 214 224 227 231 233 241 244 250 251 261 265 270 276 281 283 291
V3:  1 41 63 88 108 111 116 125 132 143 144 150 162 184 198 207 208 211 214 231 241 250 265 276 281 283 291
gap: 0.906414
status: feasible
