obj: 21.000000 time: 0.025245 gap: 66.666667 iter: 278
obj: 12.000000 time: 0.059072 gap: 41.666667 iter: 310
obj: 10.000000 time: 0.122142 gap: 30.000000 iter: 527
obj: 9.000000 time: 0.386054 gap: 11.111111 iter: 8122

obj: 9 time: 0.591293
V1:  0 1 4 5 10 11 13 17 25 26 28 30 33 34 37 38 39 40 44 47 53 56 58 61 62 65 68 73 77 79 80 81 86 87 89 94 95 96 98
V2:  1 11 13 25 26 28 30 37 47 53 56 62 65 73 77 79 80 81 86 87 89 94 98
V3:  30 56 65 73 80 81 87 94
gap: 0
status: feasible
