obj: 14.000000 time: 0.026161 gap: 72.619048 iter: 319
obj: 11.000000 time: 0.086486 gap: 56.170709 iter: 625
obj: 8.000000 time: 0.159665 gap: 38.088768 iter: 826
obj: 7.000000 time: 1.641874 gap: 19.780220 iter: 27167

obj: 7 time: 1.71125
V1:  1 2 3 6 9 12 13 16 17 20 23 25 27 28 29 30 31 34 37 44 45 46 49 55 61 63 64 70 73 83 84 86 87 93 94 97 98
V2:  1 6 12 16 17 20 23 27 28 31 34 46 49 61 63 64 70 73 93 94 98
V3:  1 6 20 27 28 31 46 49 61 63 73 93
gap: 0
status: feasible
