obj: 16.000000 time: 0.018269 gap: 56.250000 iter: 259
obj: 11.000000 time: 0.069005 gap: 26.018614 iter: 558
obj: 10.000000 time: 0.250853 gap: 16.746131 iter: 3389
obj: 9.000000 time: 0.342362 gap: 0.000000 iter: 6574

obj: 9 time: 0.342633
V1:  3 9 10 16 21 22 23 26 29 30 31 32 35 36 37 40 43 46 47 49 56 57 59 62 63 65 67 75 77 79
V2:  3 10 16 21 22 23 30 31 32 35 36 43 46 47 49 56 59 67 79
V3:  3 10 21 22 23 30 35 47 49 59
gap: 0
status: feasible
