obj: 39.000000 time: 0.435232 gap: 94.392858 iter: 2645
obj: 31.000000 time: 1.062844 gap: 91.527283 iter: 3272
obj: 22.000000 time: 5.292542 gap: 86.396283 iter: 5962
obj: 19.000000 time: 23.189719 gap: 82.258188 iter: 45742
obj: 16.000000 time: 41.098390 gap: 78.536267 iter: 104995
obj: 15.000000 time: 87.993630 gap: 76.357914 iter: 323919
obj: 13.000000 time: 148.807251 gap: 72.296108 iter: 619004
obj: 12.000000 time: 244.940447 gap: 69.525397 iter: 1027333

obj: 12 time: 1200.27
V1:  0 3 6 19 22 24 26 27 33 37 38 39 49 50 53 54 58 60 65 68 70 74 75 76 78 80 83 90 91 95 96 97 98 101 102 103 107 111 117 119 125 129 130 132 133 135 136 139 140 143 144 148 151 152 154 161 162 166 167 168 173 174 177 178 180 183 184 187 189 190 194 195 196 200 203 204 205 209 210 212 214 216 217 219 221 228 230 236 239 243 244 252 257 262 264 266 269 270 271 272 273 274 276 278 282 288 290 291 295 296 299 302 306 309 317 318 321 322 323 325 328 333 334 337 339 340 341 342 345 346 349 350 351 352 355 357 360 361 365 368 379 380 382 386 388 391 393 394 395 396 397 399 400 401 402 409 410 412 414 415 421 422 423 424 425 426 428 429 431 432 438 447 448 451 452 453 455 458 459 460 461 463 465 474 475 477 480 485 487 491 492 494 495 497 498
V2:  19 22 38 49 50 53 60 65 75 76 78 90 91 95 103 117 129 132 144 148 161 167 174 180 183 184 195 196 200 203 205 210 214 216 219 236 244 272 273 274 282 288 291 295 296 299 309 317 318 321 323 325 334 337 339 346 357 365 379 380 382 394 395 399 400 401 402 409 410 423 424 426 428 429 432 438 447 448 451 455 458 463 474 480 487 491 497 498
V3:  38 50 60 91 117 129 132 161 167 174 180 183 184 203 205 219 274 288 318 323 325 379 394 395 399 400 402 409 428 429 448 458 463 498
gap: 0.677507
status: feasible
