obj: 33.000000 time: 0.110564 gap: 74.350318 iter: 960
obj: 30.000000 time: 0.585367 gap: 68.826839 iter: 2044
obj: 26.000000 time: 1.633598 gap: 62.256880 iter: 3618
obj: 24.000000 time: 2.807224 gap: 58.400754 iter: 16381
obj: 20.000000 time: 3.580747 gap: 49.944028 iter: 24428
obj: 19.000000 time: 7.760860 gap: 47.309503 iter: 31010
obj: 17.000000 time: 25.175704 gap: 38.143635 iter: 196025
obj: 16.000000 time: 61.722459 gap: 33.084465 iter: 519264
obj: 15.000000 time: 166.204822 gap: 26.747587 iter: 1460641
obj: 14.000000 time: 1151.574160 gap: 15.815534 iter: 8075956

obj: 14 time: 1200.06
V1:  0 1 2 5 7 11 13 15 19 24 26 30 31 32 34 37 38 41 43 45 46 48 49 50 51 56 62 64 65 73 74 80 81 82 83 84 85 87 88 89 92 93 97 99 100 103 104 110 113 114 116 117 118 124 127 128 129 132 143 144 145 147 154 159 160 164 167 168 171 172 173 174 175 179 182 190 192 194 196 197 202 206 207 208 210 212 215 218 226 227 229 231 235 236 240 242 247 248 250 253 254 256 262 263 265 267 269 274 276 278 279 282 285 286 287 289 295
V2:  1 2 11 32 37 43 46 48 49 65 74 80 81 83 84 85 87 89 92 93 97 99 100 103 104 113 116 117 129 143 144 154 160 164 167 168 173 175 182 192 197 202 207 208 210 215 218 227 231 240 242 247 253 256 265 267 269 278 295
V3:  11 81 83 84 99 100 104 113 129 154 164 167 168 173 197 208 210 218 256 265 295
gap: 0.157398
status: feasible
