obj: 6.000000 time: 0.022812 gap: 77.083333 iter: 223
obj: 3.000000 time: 0.131776 gap: 37.755102 iter: 599

obj: 3 time: 0.188116
V1:  1 2 6 9 10 11 12 15 17 20 21 23 28 30 31 34 35 37 44 48 49 50 52 56 61 62 65 69 72 75 76 77 79
V2:  1 9 10 12 23 31 49 69 72 75 76 79
V3:  9 10 31 69 76
gap: 0
status: feasible
