obj: 71.000000 time: 0.168047 gap: 68.590112 iter: 1585
obj: 61.000000 time: 0.537369 gap: 58.941186 iter: 2694
obj: 56.000000 time: 3.475434 gap: 49.511632 iter: 9755
obj: 50.000000 time: 6.276129 gap: 43.303554 iter: 29202
obj: 46.000000 time: 6.315067 gap: 38.373429 iter: 29480
obj: 43.000000 time: 7.593244 gap: 34.073257 iter: 37522
obj: 42.000000 time: 131.634769 gap: 29.647594 iter: 655606
obj: 40.000000 time: 143.277186 gap: 26.129973 iter: 658581
obj: 38.000000 time: 1081.132687 gap: 19.850746 iter: 5970033
obj: 37.000000 time: 1089.625279 gap: 17.677949 iter: 6010177
obj: 36.000000 time: 1130.848689 gap: 15.366694 iter: 6108239

obj: 36 time: 1200
V1:  0 1 5 8 14 16 17 18 20 22 23 25 28 35 36 38 39 42 43 44 46 51 56 60 64 65 67 70 76 77 80 82 84 86 88 90 92 95 97 98 99 100 112 113 114 115 119 123 124 125 126 128 130 136 138 139 142 145 152 154 160 161 162 163 167 169 173 174 177 179 180 181 182 187 190 191 192 199 206 208 209 210 214 219 220 222 230 232 234 235 239 243 248 249 250 251 252 253 257 258 260 261 262 263 264 265 266 267 268 269 270 271 274 280 283 292 293 294 300 302 303 305 307 310 311 313 322 323 329 331 332 333 334 338 339 340 341 342 347 352 354 358 366 369 370 372 374 377 380 386 387 388 393 395 398
V2:  0 1 5 8 16 20 22 23 25 28 39 42 43 44 46 51 60 64 65 67 76 77 80 84 90 92 95 97 98 99 113 115 119 123 130 142 145 160 161 163 169 173 177 179 182 190 191 192 206 208 214 219 220 230 232 234 249 250 251 253 257 260 261 263 264 266 267 274 280 283 300 305 322 329 331 332 339 340 341 342 347 358 366 370 372 374 377 386 388 393 395
V3:  0 5 20 22 23 28 42 60 64 76 77 99 119 145 169 190 208 232 250 253 260 263 283 322 331 339 340 342 347 358 366 370 386 388 393
gap: 0.152942
status: feasible
