obj: 11.000000 time: 0.026423 gap: 85.454545 iter: 215
obj: 9.000000 time: 0.095254 gap: 60.634119 iter: 642
obj: 8.000000 time: 0.123421 gap: 51.171875 iter: 782
obj: 6.000000 time: 0.159077 gap: 31.728395 iter: 948

obj: 5 time: 0.17529
V1:  0 1 3 8 11 12 19 30 36 39 42 44 45 46 48 51 54 55 59 60 62 69 70 71 72 73 74 77 80 84 86 89 91 96 97 98 99
V2:  3 11 36 39 42 44 45 46 48 54 60 62 70 72 73 74 77 84 86 89 96
V3:  3 39 44 45 46 48 60 70 73 74
gap: 0
status: feasible
