obj: 27.000000 time: 0.064060 gap: 76.366843 iter: 671
obj: 22.000000 time: 0.344712 gap: 64.762189 iter: 1973
obj: 17.000000 time: 0.437629 gap: 53.316940 iter: 2373
obj: 14.000000 time: 1.080122 gap: 38.609197 iter: 4372
obj: 13.000000 time: 4.365390 gap: 29.694808 iter: 28442
obj: 12.000000 time: 8.665731 gap: 19.332856 iter: 66689
obj: 11.000000 time: 19.817131 gap: 0.000000 iter: 189778

obj: 11 time: 19.8178
V1:  1 2 6 8 10 13 17 18 19 20 24 26 27 37 42 47 48 53 54 55 59 63 64 67 69 74 76 80 83 84 91 92 96 101 102 106 107 110 111 112 114 118 123 124 130 137 138 142 146 149 151 153 154 156 157 158 160 161 162 163 164 165 172 176 179 181 187 189 190 193 194 195 196 197 198
V2:  1 2 8 13 18 26 27 37 48 54 59 63 64 67 83 91 106 107 110 112 118 124 130 137 142 151 153 156 157 158 160 161 162 163 172 179 187 189 190 193 197 198
V3:  2 8 13 18 26 37 59 63 91 106 107 112 142 151 156 157 162 172 189
gap: 0
status: feasible
