obj: 2.000000 time: 0.019097 gap: 100.000000 iter: 124
obj: 1.000000 time: 0.076639 gap: 100.000000 iter: 262

obj: 1 time: 0.129217
V1:  1 2 5 6 7 8 13 14 25 29 30 31 35 37 38 39 40 44 48 49 52 54 55 57 58 60 67 68
V2:  5 7 8 13 14 31 35 37 44 48 49 54 55 67 68
V3:  5 7 8 14 31 35 44 55 67 68
gap: 0
status: feasible
