obj: 6.000000 time: 0.012943 gap: 50.000000 iter: 102
obj: 4.000000 time: 0.019924 gap: 25.000000 iter: 131
obj: 3.000000 time: 0.050757 gap: 0.000000 iter: 590

obj: 3 time: 0.050949
V1:  0 3 6 7 14 15 17 18 21 22 23 24 25 27 32 35 39 45 47 48
V2:  7 14 17 22 23 24 25 32
V3:  7 14 22 24 25
gap: 0
status: feasible
