obj: 8.000000 time: 0.011794 gap: 66.666667 iter: 127
obj: 5.000000 time: 0.029130 gap: 46.666667 iter: 229

obj: 5 time: 0.163821
V1:  0 1 5 6 7 9 11 14 15 16 26 28 29 32 33 36 39 46 48 49
V2:  0 5 6 16 26 32 36 46 48 49
V3:  0 6 16 32 46
gap: 0
status: feasible
