obj: 37.000000 time: 0.372607 gap: 108.282582 iter: 1989
obj: 29.000000 time: 1.072614 gap: 106.560216 iter: 2759
obj: 19.000000 time: 5.457140 gap: 106.314581 iter: 5935
obj: 14.000000 time: 10.173975 gap: 108.412954 iter: 35334
obj: 13.000000 time: 12.916483 gap: 109.057875 iter: 42792
obj: 10.000000 time: 27.801514 gap: 109.513842 iter: 54404
obj: 9.000000 time: 107.599191 gap: 107.526714 iter: 431109
obj: 8.000000 time: 150.038239 gap: 107.989572 iter: 632970
obj: 7.000000 time: 423.481112 gap: 106.829835 iter: 2006718

obj: 7 time: 1200.07
V1:  0 2 3 5 6 8 10 11 13 14 18 19 20 22 23 24 25 28 32 41 44 45 48 52 53 56 57 59 61 63 65 66 68 71 72 73 74 79 80 83 84 88 91 92 93 97 99 103 105 107 110 111 113 115 117 118 120 121 125 128 133 134 137 138 140 141 144 145 146 148 149 157 158 160 163 165 169 171 176 180 181 189 190 193 196 198 200 201 202 203 210 212 213 215 224 233 235 237 238 240 241 242 243 253 255 257 258 259 260 267 268 270 271 272 273 277 283 287 289 290 297 298 299 306 307 311 316 319 323 333 334 335 341 345 349 352 358 367 370 371 377 380 384 385 386 389 392 393 399 402 404 407 408 410 412 413 417 418 422 426 431 434 435 437 438 439 440 442 443 444 447 449 455 456 458 459 462 464 465 466 467 469 473 474 476 479 481 483 484 489 490 492 498
V2:  2 14 19 28 52 53 56 57 63 65 68 72 74 79 88 91 93 97 99 105 107 117 118 121 128 137 138 140 141 144 145 157 160 163 165 176 180 181 190 193 198 201 202 212 213 235 243 253 255 267 271 273 287 290 297 323 333 349 358 371 380 384 385 393 402 404 412 418 434 439 443 447 449 456 459 462 464 466 467 476 481 483 490 492 498
V3:  2 14 28 52 68 72 74 79 105 117 121 128 137 141 157 163 190 193 198 201 243 255 271 290 380 385 402 412 418 439 447 449 462 476 481 490
gap: 1.04919
status: feasible
