obj: 5.000000 time: 0.010233 gap: 40.000000 iter: 61

obj: 4 time: 0.022332
V1:  1 5 7 8 10 12 14 19
V2:  5 8 10 12 19
V3:  8 10 19
gap: 0
status: feasible
