obj: 6.000000 time: 0.008445 gap: 33.333333 iter: 50

obj: 5 time: 0.022436
V1:  1 4 6 7 11 12 13 14 16 18 19 20 23 28
V2:  1 4 6 11 20 28
V3:  6
gap: 0
status: feasible
