obj: 9.000000 time: 0.027113 gap: 69.444444 iter: 232
obj: 7.000000 time: 0.210897 gap: 47.318069 iter: 974
obj: 5.000000 time: 0.337665 gap: 25.591398 iter: 1073

obj: 5 time: 0.452041
V1:  0 5 6 8 9 13 15 16 21 23 25 28 29 31 33 37 40 49 50 51 52 54 55 62 63 64 66 67 68 73 75 76 78 79 82 87 89 96 98
V2:  6 8 9 15 21 23 25 29 31 37 49 54 62 64 67 73 76 78 82 89
V3:  9 31 49 54 62 64 82
gap: 0
status: feasible
