obj: 14.000000 time: 0.029020 gap: 74.489796 iter: 342
obj: 9.000000 time: 0.082036 gap: 59.259259 iter: 529
obj: 8.000000 time: 0.099771 gap: 50.000000 iter: 601
obj: 6.000000 time: 0.110078 gap: 33.333333 iter: 642
obj: 5.000000 time: 0.342580 gap: 20.000000 iter: 3877

obj: 5 time: 0.44214
V1:  3 7 10 16 17 18 20 21 25 27 30 33 34 38 42 44 47 48 49 51 57 61 62 64 70 71 78 79 82 83 85 86 88 89 91 95 96 97
V2:  16 18 27 30 34 38 42 47 48 57 61 62 64 78 82 83 86 97
V3:  16 18 27 34 42 61 62 64 78 83 86
gap: 0
status: feasible
