obj: 7.000000 time: 0.036190 gap: 73.809524 iter: 423
obj: 5.000000 time: 0.262001 gap: 54.508303 iter: 969
obj: 4.000000 time: 0.412686 gap: 37.500000 iter: 4432

obj: 4 time: 0.799736
V1:  1 2 5 6 10 14 17 21 22 23 26 27 29 32 33 34 37 39 40 42 44 46 49 50 64 67 71 74 79 81 83 85 88 90 91 94 96
V2:  1 5 6 17 21 22 26 27 34 37 39 40 42 44 46 49 71 74 81 88 94 96
V3:  6 17 26 34 39 44 46 81
gap: 0
status: feasible
