obj: 16.000000 time: 0.073769 gap: 88.993711 iter: 598
obj: 15.000000 time: 0.589308 gap: 80.702002 iter: 1905
obj: 11.000000 time: 1.157301 gap: 72.975683 iter: 2445
obj: 10.000000 time: 2.023216 gap: 68.529907 iter: 13311
obj: 8.000000 time: 2.373274 gap: 60.616559 iter: 15085
obj: 7.000000 time: 8.385921 gap: 52.185804 iter: 53182
obj: 5.000000 time: 39.837729 gap: 20.000000 iter: 480020

obj: 5 time: 43.9848
V1:  4 8 9 10 11 13 15 17 22 29 34 36 37 38 39 40 41 47 51 53 54 56 58 64 67 68 78 79 80 94 96 97 98 101 108 113 114 116 118 119 122 124 126 128 129 135 136 138 141 143 144 145 148 149 153 154 155 157 159 160 161 162 166 167 171 173 175 179 180 181 183 184 185 186 190 193 197 198
V2:  10 13 17 38 39 51 53 64 68 78 94 96 98 101 113 114 118 119 126 136 138 141 143 144 145 148 153 157 159 160 162 171 173 179 184 186 197
V3:  38 39 64 68 98 118 119 126 143 144 148 179
gap: 0
status: feasible
