obj: 16.000000 time: 0.071865 gap: 88.194444 iter: 593
obj: 13.000000 time: 0.436165 gap: 79.734021 iter: 1819
obj: 8.000000 time: 0.605560 gap: 65.680787 iter: 2227
obj: 7.000000 time: 0.886294 gap: 60.690694 iter: 2293
obj: 6.000000 time: 1.345819 gap: 53.689376 iter: 7658
obj: 5.000000 time: 18.733955 gap: 34.283158 iter: 160891
obj: 4.000000 time: 56.549838 gap: 0.000000 iter: 536194

obj: 4 time: 56.5524
V1:  2 5 8 9 11 15 16 17 20 21 24 25 27 33 36 40 45 46 47 48 49 53 54 56 59 61 63 67 70 80 81 83 84 89 91 96 99 102 103 104 106 111 112 113 115 117 119 123 124 126 127 129 130 132 133 140 147 149 150 151 152 155 156 162 163 166 167 168 169 172 173 174 176 180 187 189 193 194 195 199
V2:  5 9 15 16 17 20 25 36 40 46 48 59 61 63 80 91 111 117 119 127 133 147 151 166 169 174 176 187 189 193 199
V3:  9 17 36 46 48 80 117 133 151 174 187 189 193
gap: 0
status: feasible
