obj: 23.000000 time: 0.111402 gap: 101.214003 iter: 1044
obj: 15.000000 time: 0.204323 gap: 100.966202 iter: 1157
obj: 11.000000 time: 0.376197 gap: 100.094681 iter: 1607
obj: 8.000000 time: 0.740240 gap: 95.592202 iter: 2365
obj: 6.000000 time: 1.313733 gap: 93.079322 iter: 2813
obj: 5.000000 time: 4.682608 gap: 89.680141 iter: 26094
obj: 4.000000 time: 21.591111 gap: 70.658546 iter: 203275
obj: 3.000000 time: 149.228522 gap: 45.631748 iter: 1464159

obj: 3 time: 238.923
V1:  0 1 5 11 12 14 15 16 18 26 28 33 34 37 39 40 46 48 52 54 57 60 61 63 65 67 71 76 77 82 91 92 93 96 98 99 103 104 106 108 113 114 118 120 121 122 125 131 132 135 136 137 141 142 148 149 150 154 155 158 160 161 163 164 165 172 176 177 178 182 185 194 197 199
V2:  0 1 5 11 15 16 26 28 40 52 57 63 65 71 77 91 96 99 103 108 118 120 121 125 131 135 141 150 155 158 161 163 165 176 177 182 185 197
V3:  65 71 77 96 99 103 121 125 135 141 155 158 161 176 177 182 185
gap: 0
status: feasible
