obj: 11.000000 time: 0.016766 gap: 50.000000 iter: 213
obj: 9.000000 time: 0.430388 gap: 15.816039 iter: 5105

obj: 9 time: 0.780972
V1:  0 5 9 13 14 20 22 23 31 32 33 41 45 47 48 49 53 57 59 62 63 64 66 68 69 71 72 76 79
V2:  5 14 20 22 23 31 32 33 41 45 47 48 49 53 59 62 63 64 66 69 71 79
V3:  5 23 32 41 47 49 63 66 71
gap: 0
status: feasible
