obj: 9.000000 time: 0.010768 gap: 44.444444 iter: 117
obj: 7.000000 time: 0.032431 gap: 14.285714 iter: 242

obj: 6 time: 0.045863
V1:  0 4 7 8 14 15 16 17 22 24 28 29 33 34 37 40 45 46
V2:  0 4 8 15 17 24 28 33 34 40 45 46
V3:  0 4 8 15 24 28 33 46
gap: 0
status: feasible
