obj: 16.000000 time: 0.024011 gap: 62.500000 iter: 261
obj: 15.000000 time: 0.164875 gap: 46.580688 iter: 1117
obj: 10.000000 time: 0.192245 gap: 18.750000 iter: 1252
obj: 9.000000 time: 0.280251 gap: 0.000000 iter: 2048

obj: 9 time: 0.280594
V1:  0 2 3 4 5 7 12 13 14 15 19 20 21 22 23 26 27 31 32 48 51 53 54 59 60 64 67 69 74 75 78 79 81 82 86 93 94 95
V2:  0 3 4 5 7 13 19 20 23 27 31 32 54 59 60 69 75 82 86 93 94
V3:  0 4 5 13 19 23 27 32 59 60 75 93
gap: 0
status: feasible
