obj: 23.000000 time: 0.227953 gap: 121.075719 iter: 1496
obj: 16.000000 time: 0.696848 gap: 126.319285 iter: 2248
obj: 9.000000 time: 6.627370 gap: 136.143876 iter: 24335
obj: 4.000000 time: 8.621918 gap: 181.307316 iter: 30909
obj: 3.000000 time: 364.260118 gap: 188.159985 iter: 1782927
obj: 2.000000 time: 532.938086 gap: 225.668822 iter: 2758067
obj: 1.000000 time: 1176.535005 gap: 330.492340 iter: 6169914

obj: 1 time: 1199.83
V1:  0 3 5 11 15 16 17 18 19 21 23 24 26 29 31 33 36 39 41 42 45 48 50 53 55 58 60 64 65 66 69 70 71 79 80 81 82 84 88 89 94 95 97 101 103 107 109 110 111 113 114 119 121 124 128 130 131 136 138 139 141 142 143 144 146 150 152 158 163 164 165 167 169 171 174 175 177 178 181 186 190 192 199 201 202 208 209 210 212 213 215 219 221 222 227 230 235 243 244 246 255 257 262 264 265 269 270 272 273 275 277 280 287 288 292 293 295 296 297 299 303 313 314 321 323 324 327 331 340 342 343 345 349 350 351 352 355 361 362 367 368 373 381 382 384 389 393 395 397
V2:  0 5 11 15 18 23 24 29 33 41 50 55 58 64 66 69 70 71 80 82 84 88 95 97 101 109 110 111 114 119 121 131 138 141 142 143 144 146 171 175 178 199 209 210 212 215 221 222 227 230 243 244 246 255 257 264 275 277 280 292 293 299 321 324 327 331 340 342 343 349 350 352 367 368 381 393 395
V3:  11 33 64 66 109 110 114 119 141 144 146 171 178 199 210 227 230 243 257 277 299 324 343 367 368 393
gap: 3.30063
status: feasible
