obj: 78.000000 time: 0.020344 gap: 8.920940 iter: 366
obj: 73.000000 time: 0.043146 gap: 2.037232 iter: 421

obj: 72 time: 0.078669
V0:  1 3 5 6 7 8 9 10 12 14 15 19 20 21 22 23 24 25 26 27 28 29 30 31 32 33 34 35 36 38 39 40 41 42 43 44 45 46 47 48 49 50 52 53 54 55 56 57 58 59 60 62 63 64 65 66 67 68 69 70 71 72 73 74 75 77 78 79 80 83 84 85 86 87 89 90 91 92 93 94 95 96 97 100 101 102 103 104 105 106 107 108 109 110 112 113 114 115 116 117 118 119 120 121 122 123 124 125 126 127 128 129 130 132 133 134 135 136 137 138 139 140 142 145 146 148 149 150 151 152 154 155 156 157 158 159 160 161 162 163 164 165 166 168 169 170 171 173 174 175 176 178 179 180 181 182 183 184 185 186 187 188 189 191 192 194 195 196 197 198 199 201 202 203 204 205 206 207 208 209 211 212 213 214 215 216 217 218 219 220 221 222 223 224 225 226 227 228 229 232 233 234 235 236 237 238 239 241 242 243 244 245 246 247 248 249 250 251 252 253 254 255 256 257 259 260 261 262 263 264 265 266 267 268 269 270 271 273 274 275 276 277 278 279 280 281 282 283 286 288 289 290 291 292 293 294 295 296 297 298 299
V1:  17 51 81 177 210 231
V2:  0 2 4 11 13 16 18 37 61 76 82 88 98 99 111 131 141 143 144 147 153 167 172 190 193 200 230 240 258 272 284 285 287
gap: 0
status: feasible
