obj: 99.000000 time: 0.037991 gap: 24.516190 iter: 591
obj: 98.000000 time: 0.188068 gap: 23.179262 iter: 869
obj: 94.000000 time: 0.250264 gap: 19.669063 iter: 1009
obj: 90.000000 time: 0.274262 gap: 16.013452 iter: 1075
obj: 79.000000 time: 0.371124 gap: 4.218884 iter: 1152
obj: 78.000000 time: 0.438849 gap: 2.882585 iter: 2700
obj: 77.000000 time: 0.476332 gap: 1.499049 iter: 3636
obj: 76.000000 time: 0.500053 gap: 0.000000 iter: 4018

obj: 76 time: 0.500527
V0:  0 1 2 3 4 5 6 7 8 9 10 11 12 13 14 15 16 17 18 19 20 22 23 24 25 26 27 28 29 30 31 32 34 36 37 38 40 41 42 43 44 45 46 47 48 49 50 51 52 53 54 55 56 57 58 59 60 61 62 63 64 65 66 67 68 69 70 71 72 73 75 76 77 79 80 82 83 84 85 86 88 89 90 91 92 93 94 95 96 97 99 100 101 102 103 104 105 106 107 108 109 110 112 113 114 115 116 117 118 120 121 122 124 125 126 127 128 129 130 131 132 133 134 135 137 138 139 140 141 142 145 146 147 148 149 152 153 154 155 156 157 158 159 160 161 162 163 164 165 166 167 168 169 170 171 172 173 174 175 176 178 180 181 182 183 184 185 186 187 188 189 190 191 192 193 194 195 196 197 198 199 200 202 204 205 206 207 209 210 211 212 213 215 216 217 218 219 220 221 222 223 225 226 227 228 230 231 232 233 234 236 237 238 239 241 242 243 244 246 247 248 249 250 251 252 253 254 255 256 257 258 259 260 261 262 263 264 265 266 267 268 269 270 271 272 273 274 275 276 277 278 279 280 281 282 283 284 285 286 287 288 289 290 291 292 293 294 296 297 298 299 301 302 305 306 307 308 309 310 311 312 313 314 315 316 317 318 319 320 321 322 323 324 325 326 327 328 329 330 331 332 333 334 335 336 337 338 339 340 341 342 343 344 345 346 347 348 349 350 351 352 353 354 356 357 358 359 360 361 362 363 364 365 366 367 368 369 370 372 373 374 375 376 377 378 380 382 383 384 385 386 388 389 390 391 393 395 396 397 398 399
V1:  214 224
V2:  21 33 35 39 74 78 81 87 98 111 119 123 136 143 144 150 151 177 179 201 203 208 229 235 240 245 295 300 303 304 355 371 379 381 387 392 394
gap: 0
status: feasible
