obj: 90.000000 time: 0.022930 gap: 20.069444 iter: 489
obj: 84.000000 time: 0.107408 gap: 13.213006 iter: 607
obj: 77.000000 time: 0.120709 gap: 5.194805 iter: 635
obj: 75.000000 time: 0.128208 gap: 2.643733 iter: 654

obj: 74 time: 0.134415
V0:  0 1 2 3 4 6 7 8 9 10 11 12 13 14 15 16 20 21 23 24 25 26 27 29 30 31 32 33 34 36 37 38 41 43 44 45 46 47 48 49 50 52 53 54 55 56 57 58 59 60 61 62 63 64 65 66 67 68 69 71 72 73 74 75 76 77 78 79 80 81 82 83 84 87 88 91 92 93 94 95 96 97 98 99 100 101 102 103 104 105 106 107 108 109 110 111 112 113 114 115 116 117 118 119 121 122 123 124 125 126 127 128 129 130 131 132 133 134 135 136 137 138 139 140 141 142 143 144 145 148 150 151 152 153 154 155 156 157 158 159 161 162 163 164 165 166 167 168 169 170 171 172 173 174 175 176 177 178 179 180 181 182 183 184 185 186 187 188 190 192 193 195 196 197 198 199 200 201 203 205 206 208 209 210 211 212 213 214 215 216 217 218 219 220 221 222 223 224 226 227 228 229 230 231 234 235 236 238 239 240 241 242 243 244 245 246 247 248 249 250 251 252 253 254 255 256 257 259 260 261 263 264 265 266 267 268 269 270 271 272 274 275 276 277 278 279 280 282 283 286 287 288 290 291 292 294 295 296 297 298 299
V1:  90 120 160 237
V2:  5 17 18 19 22 28 35 39 40 42 51 70 85 86 89 146 147 149 189 191 194 202 204 207 225 232 233 258 262 273 281 284 285 289 293
gap: 0
status: feasible
