obj: 76.000000 time: 0.020183 gap: 4.682663 iter: 346
obj: 75.000000 time: 0.066351 gap: 1.333333 iter: 424

obj: 74 time: 0.082898
V0:  0 1 2 3 4 5 6 8 9 10 11 12 15 16 17 18 19 20 21 22 23 24 25 26 27 28 29 30 31 32 33 34 36 37 38 39 40 41 42 43 44 45 46 47 48 49 50 52 53 54 55 56 57 59 60 63 64 65 66 68 69 70 71 72 73 74 75 77 78 79 80 82 83 84 85 86 87 88 89 90 91 92 93 94 95 96 98 99 100 101 102 103 104 106 107 108 109 110 111 114 115 116 117 118 120 123 125 126 127 128 129 130 131 132 133 135 136 137 138 139 141 142 143 144 145 146 147 148 149 151 152 153 154 155 156 157 158 159 160 161 162 163 164 166 167 168 169 170 171 172 173 174 175 176 179 180 181 182 183 184 185 186 187 189 190 191 192 193 194 195 196 197 198 199 200 201 202 203 205 206 207 208 209 210 211 212 213 214 217 218 220 221 222 223 224 227 228 229 230 231 232 233 236 237 238 239 240 241 242 243 244 246 247 248 249 250 251 252 253 254 255 256 257 258 259 260 261 262 263 264 266 268 269 270 271 272 273 274 275 276 277 278 279 280 281 282 283 284 285 286 287 288 289 290 291 292 293 294 296 297 298 299
V1:  67 245
V2:  7 13 14 35 51 58 61 62 76 81 97 105 112 113 119 121 122 124 134 140 150 165 177 178 188 204 215 216 219 225 226 234 235 265 267 295
gap: 0
status: feasible
