obj: 229.000000 time: 0.031922 gap: 1.091703 iter: 54

obj: 227 time: 0.041158
V0:  1 3 4 5 7 8 11 12 13 14 15 16 17 18 20 21 22 23 24 25 27 30 31 32 33 36 38 39 41 42 43 44 45 46 47 49 50 51 53 55 56 58 60 61 62 63 64 65 66 67 69 73 74 76 78 79 80 81 82 86 87 91 93 94 95 96 98 100 101 104 107 108 109 110 111 112 114 117 119 122 125 126 127 129 131 132 133 134 135 136 137 138 139 140 141 142 143 144 147 148 151 152 155 156 158 159 160 161 162 163 164 166 168 170 171 172 173 174 175 176 179 180 181 182 184 187 188 192 193 194 197 198 199 200 201 202 205 206 211 213 214 215 216 217 219 221 222 223 224 226 227 228 229 231 232 233 235 239 240 241 242 243 245 246 250 251 255 256 257 259 260 262 265 267 268 271 272 273 278 280 281 283 284 285 287 288 289 291 293 294 295 296 299 301 302 304 305 306 308 310 311 312 315 318 319 320 321 323 324 325 326 327 329 331 332 333 334 335 336 337 339 343 344 345 347 350 352 355 360 361 362 365 366 367 368 369 371 375 376 378 379 381 384 386 387 388 390 391 392 393 394 395 398
V1:  0 2 10 26 29 34 54 59 68 70 72 75 84 85 90 92 105 106 113 115 116 118 123 130 150 153 167 186 189 190 195 204 208 210 212 218 234 236 253 254 258 263 269 274 276 277 279 282 290 292 298 300 303 314 328 340 346 348 349 351 357 363 372 373 374 380 397
V2:  6 9 19 28 35 37 40 48 52 57 71 77 83 88 89 97 99 102 103 120 121 124 128 145 146 149 154 157 165 169 177 178 183 185 191 196 203 207 209 220 225 230 237 238 244 247 248 249 252 261 264 266 270 275 286 297 307 309 313 316 317 322 330 338 341 342 353 354 356 358 359 364 370 377 382 383 385 389 396 399
gap: 0
status: feasible
