obj: 43.000000 time: 0.014180 gap: 14.368771 iter: 281
obj: 42.000000 time: 0.066615 gap: 9.523810 iter: 346

obj: 38 time: 0.071676
V0:  0 1 2 4 5 6 7 8 9 10 11 12 13 14 15 16 17 18 19 20 21 22 23 24 26 28 29 30 31 32 33 34 35 36 37 38 40 41 43 44 45 46 47 48 49 50 51 52 53 55 56 57 58 59 62 63 64 65 66 67 68 69 70 71 73 74 76 77 78 79 80 81 82 83 84 85 86 87 88 89 90 91 92 94 95 96 97 98 99 100 101 103 104 105 106 107 108 110 111 112 113 114 115 116 117 118 119 120 121 122 123 124 125 127 128 129 130 131 132 133 134 137 138 139 140 141 142 143 144 145 146 147 148 149 150 151 152 153 154 155 156 157 158 159 161 162 163 164 165 166 167 168 169 170 172 173 174 175 176 177 178 179 180 181 182 184 185 186 187 188 189 190 191 192 193 194 195 196 197 198 199
V1: 
V2:  3 25 27 39 42 54 60 61 72 75 93 102 109 126 135 136 160 171 183
gap: 0
status: feasible
