obj: 26.000000 time: 0.012825 gap: 17.307692 iter: 112
obj: 23.000000 time: 0.019267 gap: 4.637681 iter: 135

obj: 22 time: 0.022021
V0:  0 2 3 4 5 6 8 9 10 11 12 13 15 18 19 20 21 22 23 24 25 26 27 28 29 30 32 33 34 36 37 38 39 40 41 42 43 44 45 46 47 48 49 50 51 52 53 54 55 56 57 58 59 60 62 64 65 67 68 69 70 71 72 73 74 75 76 77 78 80 81 82 83 84 85 86 87 88 89 90 91 92 93 94 95 96 98 99
V1:  14 17
V2:  1 7 16 31 35 61 63 66 79 97
gap: 0
status: feasible
