obj: 35.000000 time: 0.006651 gap: 5.714286 iter: 113

obj: 33 time: 0.026445
V0:  0 2 3 4 5 6 7 8 9 10 11 12 14 15 17 18 19 20 21 22 25 26 28 29 30 31 32 33 34 35 36 37 39 40 41 42 43 45 46 47 48 49 50 52 53 54 55 56 57 58 59 60 61 62 63 64 65 66 67 70 71 72 73 74 75 76 77 80 81 83 85 86 88 89 91 92 93 94 95 96 97 98 99
V1:  1
V2:  13 16 23 24 27 38 44 51 68 69 78 79 82 84 87 90
gap: 0
status: feasible
