obj: 74.000000 time: 0.017026 gap: 2.027027 iter: 319

obj: 73 time: 0.029556
V0:  0 1 3 5 6 8 9 10 11 12 13 14 15 17 18 20 21 23 24 26 27 28 29 30 31 32 33 34 35 37 38 39 40 41 42 43 45 46 47 48 49 50 52 53 54 55 56 57 58 59 60 62 63 66 67 68 69 71 72 73 74 75 76 77 78 79 80 82 83 84 85 86 87 89 90 92 93 94 96 97 98 99 100 103 104 105 106 107 108 109 110 111 112 113 114 115 116 117 118 119 121 122 123 124 125 126 127 129 130 131 132 133 134 135 136 137 138 139 140 141 142 143 145 146 147 148 149 150 152 153 154 155 156 157 159 160 162 163 164 165 166 167 168 169 170 171 172 173 176 177 179 180 181 182 183 184 185 186 187 189 190 192 193 194 195 196 197 198 200 201 202 203 204 205 207 208 209 210 211 212 213 214 215 216 217 218 219 220 221 222 223 225 226 227 228 229 230 231 232 233 234 235 236 237 238 240 241 242 243 245 246 248 249 250 251 252 253 254 255 256 257 258 259 260 261 262 263 264 265 266 267 268 269 270 271 272 273 274 275 276 277 278 279 280 281 282 283 284 286 287 288 289 291 292 293 294 295 296 297 298 299
V1:  51 61 81 120 290
V2:  2 4 7 16 19 22 25 36 44 64 65 70 88 91 95 101 102 128 144 151 158 161 174 175 178 188 191 199 206 224 239 244 247 285
gap: 0
status: feasible
