obj: 79.000000 time: 0.018905 gap: 11.874623 iter: 399
obj: 72.000000 time: 0.056775 gap: 2.777778 iter: 445

obj: 70 time: 0.072256
V0:  1 2 3 4 5 6 7 8 9 10 11 12 13 14 15 16 17 18 20 21 22 23 24 25 26 27 28 29 30 31 32 33 34 35 36 37 38 40 41 42 43 44 45 47 48 49 50 51 52 53 54 56 57 58 59 60 61 62 63 64 65 66 67 68 69 71 73 75 76 77 78 79 80 81 82 83 84 86 87 88 90 91 92 93 94 95 96 98 100 101 102 103 104 105 106 107 108 109 110 111 112 113 114 115 116 117 118 120 121 122 123 124 125 126 127 129 131 132 133 134 136 139 140 142 143 144 145 146 147 148 149 150 151 152 154 156 157 158 159 160 161 162 163 164 166 167 168 169 170 172 173 175 176 177 179 180 181 182 183 184 185 186 187 188 189 190 191 193 194 195 196 197 198 199 200 201 202 203 204 205 206 207 208 209 210 211 212 213 214 215 216 217 218 220 222 223 224 225 226 227 228 229 231 232 233 234 235 236 237 238 239 241 242 243 244 245 247 248 249 250 251 252 254 255 256 258 259 260 261 262 264 265 266 267 268 269 270 272 273 275 277 278 279 280 281 282 284 285 286 287 288 289 290 291 292 294 295 296 297 298 299
V1:  0 55 153 178 221 240 263 283
V2:  19 39 46 70 72 74 85 89 97 99 119 128 130 135 137 138 141 155 165 171 174 192 219 230 246 253 257 271 274 276 293
gap: 0
status: feasible
