obj: 90.000000 time: 0.070258 gap: 17.746733 iter: 831
obj: 78.000000 time: 0.360734 gap: 4.603612 iter: 1214
obj: 76.000000 time: 0.453056 gap: 2.065524 iter: 2927

obj: 76 time: 0.547537
V0:  0 1 2 3 4 5 7 8 9 10 11 12 13 14 15 16 17 18 19 20 21 23 24 25 27 28 29 30 31 32 33 34 35 36 37 38 39 40 42 43 44 45 48 49 50 51 52 53 55 56 57 58 59 60 62 63 64 65 66 67 68 69 70 71 72 73 74 76 78 79 80 81 82 83 84 85 86 87 88 90 91 92 93 94 95 96 97 98 99 100 101 102 103 105 106 107 108 109 110 111 112 113 114 115 116 117 118 119 120 121 122 123 124 125 126 127 128 129 130 131 132 134 135 136 137 139 140 141 142 143 144 145 146 147 148 149 150 151 152 153 154 155 156 157 158 160 161 162 163 164 165 166 167 168 169 170 171 172 173 174 175 176 177 178 179 181 182 183 184 185 186 187 188 189 190 191 192 193 194 195 197 198 199 200 201 202 203 204 205 206 207 208 209 211 212 213 214 215 216 217 218 219 221 222 223 224 226 227 228 229 230 231 232 233 234 235 237 238 239 240 241 242 243 244 245 246 247 248 249 250 251 252 253 254 255 256 257 258 260 261 262 263 265 266 267 268 270 271 272 273 274 275 276 277 278 279 280 282 283 284 286 287 288 289 290 291 292 293 294 295 296 297 298 299 300 301 302 303 304 306 307 308 309 310 311 312 313 314 315 316 317 318 319 320 321 322 323 324 325 327 328 329 330 331 332 333 334 335 336 337 338 339 340 341 343 344 345 346 347 348 349 350 351 353 354 355 356 357 358 359 360 361 363 364 365 366 367 368 369 370 371 372 373 374 375 376 377 378 379 380 381 382 383 384 385 386 387 389 390 392 393 394 395 396 397 398 401 402 403 404 405 406 407 408 409 411 412 413 414 415 416 417 418 419 420 421 422 423 424 425 426 427 428 429 430 431 432 433 434 435 436 437 438 439 440 441 442 443 444 445 446 447 448 449 450 451 452 453 454 455 457 459 460 462 463 464 465 466 467 468 469 470 471 472 473 474 475 476 477 478 479 480 481 482 483 484 485 486 487 488 489 490 491 492 493 494 495 496 497 498 499
V1:  46 138
V2:  6 22 26 41 47 54 61 75 77 89 104 133 159 180 196 210 220 225 236 259 264 269 281 285 305 326 342 352 362 388 391 399 400 410 456 458 461
gap: 0
status: feasible
