obj: 37.000000 time: 0.018365 gap: 5.405405 iter: 206

obj: 36 time: 0.074035
V0:  0 1 2 4 5 7 8 9 10 11 12 13 15 16 17 18 19 20 21 22 23 24 25 26 27 28 29 30 31 32 34 35 36 37 39 40 41 42 44 45 46 47 48 50 51 52 53 54 55 56 57 58 59 60 61 62 63 64 65 66 67 68 69 70 71 72 73 76 77 78 79 80 81 82 83 84 85 86 87 89 91 92 93 94 95 96 98 99 100 101 102 103 104 105 106 107 108 109 110 111 112 113 114 115 116 117 118 119 120 121 122 123 124 125 126 127 128 129 130 131 132 133 134 135 138 139 140 141 142 144 145 146 147 148 149 150 151 152 153 154 155 156 158 159 161 162 163 164 165 166 168 169 170 171 172 173 174 176 177 178 179 180 181 182 183 184 185 186 187 188 189 190 191 192 193 194 195 196 197 198 199
V1:  143 160
V2:  3 6 14 33 38 43 49 74 75 88 90 97 136 137 157 167 175
gap: 0
status: feasible
