obj: 24.000000 time: 0.006303 gap: 10.833333 iter: 110

obj: 22 time: 0.039091
V0:  0 1 2 3 4 5 6 7 8 9 10 12 13 14 15 17 19 20 21 22 23 24 25 27 28 29 30 31 32 33 34 35 36 37 38 39 40 41 42 43 44 45 46 47 48 49 50 51 53 54 55 56 57 59 61 62 64 65 66 67 68 70 71 72 73 76 77 78 79
V1: 
V2:  11 16 18 26 52 58 60 63 69 74 75
gap: 0
status: feasible
