obj: 84.000000 time: 0.030079 gap: 14.252646 iter: 453
obj: 80.000000 time: 0.070374 gap: 9.249084 iter: 562
obj: 78.000000 time: 0.157554 gap: 6.410256 iter: 768
obj: 74.000000 time: 0.221927 gap: 1.351351 iter: 1006

obj: 74 time: 0.247584
V0:  0 1 2 3 4 5 6 7 8 9 10 12 13 14 15 16 18 19 20 21 22 23 24 25 26 27 28 29 30 31 32 33 35 36 37 38 39 41 43 44 45 46 48 49 50 51 52 53 54 55 56 57 58 59 60 61 63 64 65 66 67 68 70 71 72 73 74 75 76 77 78 79 80 81 82 83 84 85 87 88 89 90 91 92 93 94 95 96 97 99 100 102 104 105 107 109 110 111 112 113 114 115 116 117 119 120 121 122 123 124 125 126 127 128 129 130 132 133 134 135 136 137 138 139 140 141 142 143 144 145 146 148 149 150 151 152 153 155 156 158 159 160 161 162 163 164 165 166 167 168 169 170 171 172 173 174 175 176 177 178 179 180 181 182 183 184 185 187 188 189 191 192 193 194 195 196 197 198 199 200 201 202 203 204 205 206 207 208 209 210 211 212 213 214 215 216 217 218 219 220 221 222 224 225 226 227 228 229 230 231 232 233 234 236 237 238 239 241 242 243 244 245 246 247 248 250 251 252 253 254 255 256 257 260 261 262 263 264 265 266 267 268 269 270 272 273 274 275 276 277 278 279 280 281 282 283 284 285 287 288 289 290 291 293 294 295 296 297 298 299 300 301 302 303 304 305 306 307 308 309 310 311 312 313 314 316 317 319 320 321 323 324 325 326 327 328 329 331 332 333 334 335 336 337 338 339 340 341 342 343 344 345 346 347 348 349 350 351 352 353 354 355 356 357 358 359 360 361 362 364 365 366 367 368 370 371 372 373 374 375 376 377 378 379 380 381 382 383 384 386 387 388 389 390 391 392 393 394 395 396 397 398
V1:  17 399
V2:  11 34 40 42 47 62 69 86 98 101 103 106 108 118 131 147 154 157 186 190 223 235 240 249 258 259 271 286 292 315 318 322 330 363 369 385
gap: 0
status: feasible
