obj: 19.000000 time: 0.005050 gap: 5.263158 iter: 110

obj: 18 time: 0.008186
V0:  0 1 2 3 5 7 8 9 10 11 13 14 15 16 17 18 19 20 21 22 23 24 26 27 28 30 31 32 34 35 36 37 40 41 42 45 46 47 48 49
V1:  38 43
V2:  4 6 12 25 29 33 39 44
gap: 0
status: feasible
