obj: 75.000000 time: 0.011527 gap: 8.000000 iter: 206

obj: 69 time: 0.039852
V0:  0 1 2 4 6 7 9 10 11 12 13 15 17 19 20 21 23 24 26 27 29 30 31 33 34 37 38 39 41 42 43 44 45 46 47 48 49 50 51 52 54 55 56 57 58 59 60 63 64 67 68 69 70 71 72 74 75 76 77 78 79 80 81 82 83 84 85 86 87 88 89 90 91 92 93 94 95 96 97 99 100 101 102 103 104 107 108 109 112 113 114 115 116 117 118 119 120 121 123 124 125 126 127 130 132 133 134 135 136 137 138 139 140 141 142 143 144 145 147 148 150 151 152 153 154 157 158 159 160 161 162 163 164 165 166 167 168 170 171 172 174 175 176 177 178 179 180 181 182 183 184 185 186 189 190 191 193 194 196 197 199
V1:  22 35 36 65 122 129 149 195 198
V2:  3 5 8 14 16 18 25 28 32 40 53 61 62 66 73 98 105 106 110 111 128 131 146 155 156 169 173 187 188 192
gap: 0
status: feasible
