obj: 76.000000 time: 0.012970 gap: 3.947368 iter: 143

obj: 74 time: 0.017208
V0:  0 1 2 3 4 7 8 9 11 12 13 14 15 16 17 18 19 20 21 22 23 24 25 26 27 28 30 31 32 33 34 35 36 37 38 39 41 42 43 44 45 46 47 49 50 51 53 54 55 56 57 58 59 60 61 62 63 64 65 66 67 68 69 70 71 72 73 75 76 77 78 79 80 81 82 84 85 86 87 88 89 90 91 93 94 95 96 97 98 100 101 102 105 106 107 108 109 111 112 113 114 115 117 118 119 120 122 124 125 126 127 128 130 131 132 133 135 136 138 139 140 141 142 143 144 145 147 148 149 152 153 154 155 157 158 159 161 162 163 164 165 166 167 168 169 170 171 174 175 176 178 180 181 182 183 184 185 186 187 188 189 190 192 193 195 196 197 198 199 200 202 203 204 205 206 207 208 210 211 212 213 214 215 216 217 218 219 220 221 223 224 225 226 227 228 229 230 231 232 233 235 236 239 240 241
V1: 
V2:  5 6 10 29 40 48 52 74 83 92 99 103 104 110 116 121 123 129 134 137 146 150 151 156 160 172 173 177 179 191 194 201 209 222 234 237 238
gap: 0
status: feasible
