obj: 24.000000 time: 0.012416 gap: 19.791667 iter: 107
obj: 21.000000 time: 0.028750 gap: 5.714286 iter: 141

obj: 20 time: 0.035171
V0:  0 1 2 3 4 6 7 8 9 10 11 12 13 14 15 16 19 20 21 22 23 24 26 27 28 29 32 33 34 35 36 37 38 39 40 41 42 43 44 45 46 47 48 49 50 51 52 53 56 57 58 59 61 62 63 64 65 66 67 68 69 70 71 72 73 74 75 76 77 78 79 80 81 82 83 84 85 86 87 88 90 91 93 94 95 96 97 98 99
V1:  18 54
V2:  5 17 25 30 31 55 60 89 92
gap: 0
status: feasible
