obj: 94.000000 time: 0.055920 gap: 24.146413 iter: 802
obj: 90.000000 time: 0.278059 gap: 19.998318 iter: 1243
obj: 74.000000 time: 0.368481 gap: 2.700657 iter: 1244

obj: 74 time: 0.620453
V0:  0 1 3 4 5 6 7 8 9 10 11 12 13 14 15 16 17 19 21 22 23 24 25 26 27 28 29 30 31 32 33 34 35 37 38 40 41 42 43 44 45 46 47 48 49 50 51 52 53 54 55 56 57 58 59 60 61 63 64 65 66 67 69 71 72 73 74 76 78 79 80 82 83 84 86 87 88 89 90 91 92 93 95 96 97 98 99 100 101 102 104 105 106 107 108 109 110 111 112 113 114 115 116 117 118 119 120 121 122 123 124 125 126 127 128 129 130 131 132 133 134 135 136 137 138 139 140 141 142 143 144 146 147 149 150 151 152 153 154 155 156 157 158 159 160 161 162 163 164 165 166 167 169 170 171 172 173 174 175 176 177 178 179 180 181 182 184 185 186 187 188 189 190 191 192 193 194 195 197 198 199 200 201 202 203 204 205 206 207 209 210 211 212 213 214 215 216 217 218 219 221 222 223 224 225 226 227 228 229 230 231 232 233 235 236 237 238 239 240 241 242 243 244 245 246 247 248 249 250 251 252 253 254 255 256 257 258 260 261 262 263 265 266 267 268 269 270 271 272 274 275 276 277 279 280 281 282 283 284 285 286 287 288 289 290 291 292 293 294 296 297 298 299 300 301 303 304 305 306 307 308 309 310 311 312 313 315 316 317 318 319 320 321 322 323 324 326 327 328 329 330 332 333 334 335 336 337 338 339 340 341 342 343 344 345 346 347 348 349 350 351 352 353 354 355 356 357 358 360 361 362 363 364 365 366 367 368 369 370 371 372 373 374 375 376 377 378 379 380 381 382 383 384 385 386 387 388 389 390 391 392 393 394 395 396 397 398 399 400 401 402 403 404 405 406 407 408 409 410 411 412 413 414 415 416 417 418 419 420 421 422 423 425 426 427 428 429 430 431 432 433 434 435 436 437 438 439 440 441 442 443 444 445 446 447 448 449 450 451 452 453 454 455 456 457 458 459 460 461 462 463 464 465 466 467 469 471 472 473 474 475 477 478 479 480 481 482 483 484 485 486 487 488 490 491 493 494 495 496 497 498 499
V1:  234 273
V2:  2 18 20 36 39 62 68 70 75 77 81 85 94 103 145 148 168 183 196 208 220 259 264 278 295 302 314 325 331 359 424 468 470 476 489 492
gap: 0
status: feasible
