obj: 68.000000 time: 0.015066 gap: 2.205882 iter: 176

obj: 67 time: 0.02019
V0:  0 1 3 4 5 6 7 9 10 12 13 14 15 16 17 18 19 21 24 26 27 28 30 32 33 34 35 36 38 39 40 41 42 43 45 46 47 48 49 50 51 52 53 54 55 56 57 58 59 60 62 63 64 65 66 67 68 69 70 73 74 75 76 77 78 79 80 81 82 83 84 85 87 88 90 92 93 94 95 96 97 99 100 101 103 104 105 106 107 108 112 113 114 115 116 117 120 121 122 123 124 125 126 127 128 129 130 131 132 133 134 135 136 137 138 139 140 141 143 144 146 148 149 150 151 153 154 155 157 162 164 165 166 167 168 169 170 171 172 173 174 175 176 177 179 180 182 184 187 188 189 190 191 192 193 194 195 196 197 199
V1:  2 22 23 29 37 61 71 72 110 111 119 159 183
V2:  8 11 20 25 31 44 86 89 91 98 102 109 118 142 145 147 152 156 158 160 161 163 178 181 185 186 198
gap: 0
status: feasible
