obj: 78.000000 time: 0.019113 gap: 10.256410 iter: 394

obj: 70 time: 0.037191
V0:  0 1 2 3 4 5 6 8 11 12 15 17 18 19 20 21 22 23 24 25 27 28 29 30 32 33 34 35 36 38 39 40 41 42 43 44 45 46 48 50 51 52 53 55 56 57 60 61 62 63 64 65 66 67 68 69 70 71 72 73 74 77 78 79 80 82 83 84 85 86 87 88 89 90 91 92 93 94 95 96 97 99 100 102 103 104 105 106 107 108 109 110 111 112 113 115 116 117 118 120 121 122 123 124 125 126 127 128 130 131 132 133 134 135 136 137 138 139 140 142 143 144 145 146 147 148 149 152 153 154 155 156 157 158 159 160 161 162 163 164 165 166 167 168 169 170 171 172 173 174 175 176 177 178 179 180 181 182 183 184 185 186 187 188 189 190 192 193 194 195 196 197 198 199 200 202 203 204 205 206 207 208 209 210 211 212 213 214 215 216 217 218 219 220 222 223 224 225 226 227 228 229 230 231 232 235 236 237 238 239 240 241 242 243 244 245 246 247 248 249 252 253 254 255 256 257 258 259 260 261 262 263 264 265 266 267 268 269 270 271 273 274 275 276 277 278 280 281 283 284 285 287 288 289 290 291 292 293 294 295 296 297 299
V1:  26 114 141 191
V2:  7 9 10 13 14 16 31 37 47 49 54 58 59 75 76 81 98 101 119 129 150 151 201 221 233 234 250 251 272 279 282 286 298
gap: 0
status: feasible
