obj: 23.000000 time: 0.007300 gap: 11.036789 iter: 105

obj: 21 time: 0.038948
V0:  0 1 4 5 6 7 8 9 10 11 12 13 14 15 16 17 19 21 22 23 24 25 27 28 30 31 32 33 35 36 37 38 39 40 41 42 43 44 45 46 47 48 49 50 51 52 53 54 56 57 58 59 60 61 62 63 64 65 66 67 68 69 70 71 72 73 74 75 76 78 79 80 81 82 83 84 85 86 87 88 89 90 91 93 94 95 96 97 99
V1:  77
V2:  2 3 18 20 26 29 34 55 92 98
gap: 0
status: feasible
