obj: 65.000000 time: 0.012455 gap: 1.538462 iter: 198

obj: 64 time: 0.024993
V0:  0 1 2 3 5 6 7 9 10 11 12 13 14 16 17 18 19 21 22 23 24 25 26 28 29 30 31 32 33 34 35 36 37 39 40 42 44 46 47 48 49 50 51 52 55 56 57 58 59 62 63 64 66 67 68 69 70 71 72 73 75 76 77 78 79 80 83 84 86 88 89 90 91 92 93 95 96 97 98 99 100 101 103 104 105 106 107 108 109 110 111 112 113 117 118 119 121 122 123 124 125 126 127 128 129 130 131 132 133 134 135 136 137 138 139 140 142 143 144 145 146 147 150 153 154 155 157 158 159 160 161 162 163 164 165 166 167 168 169 170 171 172 175 176 177 179 180 181 182 183 184 185 186 187 188 189 190 191 192 193 194 196 197 199
V1:  8 43 61 87 141 151 174 198
V2:  4 15 20 27 38 41 45 53 54 60 65 74 81 82 85 94 102 114 115 116 120 148 149 152 156 173 178 195
gap: 0
status: feasible
