obj: 22.000000 time: 0.007352 gap: 4.545455 iter: 81

obj: 21 time: 0.015969
V0:  0 1 2 3 4 5 7 8 9 12 13 14 15 16 17 18 19 20 21 22 24 25 26 27 28 29 30 31 32 33 35 36 37 39 40 43 44 45 46 47 48 49 50 51 52 53 54 55 56 57 58 59 60 62 63 64 66 67 69 70 71 72 73 74 75 76 77 78 79
V1:  11
V2:  6 10 23 34 38 41 42 61 65 68
gap: 0
status: feasible
