obj: 25.000000 time: 0.011823 gap: 17.000000 iter: 111

obj: 21 time: 0.022468
V0:  1 3 5 6 7 8 9 10 11 12 13 14 16 17 18 20 21 22 23 24 25 26 27 28 29 30 31 32 33 34 36 37 38 39 40 41 42 43 45 47 48 49 50 51 52 53 54 55 56 57 59 60 61 62 63 64 65 66 67 68 69 70 71 72 73 74 75 76 77 78 79 82 83 84 85 86 87 88 89 90 91 92 93 94 95 96 97 98 99
V1:  35
V2:  0 2 4 15 19 44 46 58 80 81
gap: 0
status: feasible
