obj: 68.000000 time: 0.015875 gap: 3.676471 iter: 199

obj: 66 time: 0.050404
V0:  0 2 3 4 6 7 8 9 10 12 13 15 16 17 19 21 22 23 25 26 27 28 30 31 32 33 34 36 37 38 39 41 42 45 46 47 49 50 51 52 53 54 55 56 57 58 59 60 61 62 63 64 65 66 67 68 69 70 71 72 73 74 75 76 78 79 80 81 82 83 84 85 86 88 89 91 92 93 94 95 96 98 99 100 101 102 103 104 105 107 109 111 114 115 116 117 121 123 124 125 126 127 128 129 130 131 132 133 135 136 137 138 139 140 141 142 143 144 145 146 147 148 150 151 152 153 154 156 157 158 160 161 162 164 165 167 169 170 171 172 173 175 176 177 179 181 182 183 184 185 187 188 189 190 191 192 193 194 195 196 198 199
V1:  1 14 18 24 40 77 90 108 119 134
V2:  5 11 20 29 35 43 44 48 87 97 106 110 112 113 118 120 122 149 155 159 163 166 168 174 178 180 186 197
gap: 0
status: feasible
