obj: 22.000000 time: 0.008096 gap: 4.545455 iter: 172

obj: 21 time: 0.013916
V0:  0 2 3 4 5 6 7 8 9 10 12 13 14 15 16 17 19 20 21 22 24 25 26 30 31 33 34 35 36 37 38 39 41 42 43 44 45 47 48 49 50 51 52 53 54 55 56 57 58 60 61 62 64 65 66 67 68 69 70 71 72 73 74 75 76 77 78 79
V1:  1 18 40
V2:  11 23 27 28 29 32 46 59 63
gap: 0
status: feasible
