obj: 36.000000 time: 0.019931 gap: 2.777778 iter: 231

obj: 36 time: 0.094775
V0:  0 1 2 3 4 5 6 8 10 11 12 14 15 16 18 19 20 21 22 23 24 25 26 27 28 29 30 31 32 33 34 36 37 38 39 40 41 42 43 44 45 46 47 48 49 50 51 52 53 54 55 56 57 58 59 60 61 62 63 64 65 66 67 68 69 70 71 72 73 76 77 78 80 81 82 83 84 85 86 87 88 89 90 91 92 93 94 95 96 97 98 99 100 101 102 104 105 106 107 108 109 110 111 112 113 115 116 117 118 119 120 121 122 123 124 125 126 127 128 130 131 132 133 134 135 136 137 138 139 140 142 143 144 145 146 147 148 149 150 151 152 153 154 155 156 157 158 160 162 163 164 167 168 169 171 172 173 174 175 176 177 178 179 180 181 182 184 185 187 188 189 190 191 192 193 194 195 196 197 198 199
V1:  75 165
V2:  7 9 13 17 35 74 79 103 114 129 141 159 161 166 170 183 186
gap: 0
status: feasible
