obj: 68.000000 time: 0.014924 gap: 2.573529 iter: 232

obj: 67 time: 0.064609
V0:  0 1 3 4 5 8 9 10 11 13 14 15 16 17 19 20 21 22 23 24 25 28 29 30 31 32 33 35 36 37 38 39 41 42 43 44 45 46 47 48 49 50 51 53 54 55 56 57 58 59 60 62 63 66 67 68 69 70 71 72 73 74 75 76 78 79 80 82 83 84 85 86 87 89 91 92 93 94 95 96 97 98 99 100 101 102 103 105 106 107 108 109 110 111 113 114 115 116 117 119 120 121 123 124 125 126 127 128 129 131 132 133 135 136 137 138 139 140 141 144 146 147 148 149 150 151 152 154 155 156 157 158 159 160 163 164 165 166 167 168 170 171 172 176 177 179 180 181 182 183 184 185 186 187 188 189 190 191 192 193 195 197 199
V1:  26 61 77 112 134 142 196
V2:  2 6 7 12 18 27 34 40 52 64 65 81 88 90 104 118 122 130 143 145 153 161 162 169 173 174 175 178 194 198
gap: 0
status: feasible
