obj: 115.000000 time: 0.052541 gap: 16.114416 iter: 856
obj: 112.000000 time: 0.219153 gap: 12.699893 iter: 1184
obj: 110.000000 time: 0.237127 gap: 11.090909 iter: 1196
obj: 101.000000 time: 0.273836 gap: 3.083451 iter: 1268
obj: 100.000000 time: 0.295009 gap: 2.079412 iter: 1308

obj: 98 time: 0.343206
V0:  1 2 3 4 5 6 7 8 9 10 11 12 13 14 15 16 17 18 19 20 21 22 24 25 26 27 28 29 30 31 32 33 34 35 36 37 38 39 40 41 42 43 44 45 46 47 48 49 50 51 52 53 55 56 58 59 60 61 62 63 64 65 66 67 68 69 71 73 74 75 76 78 79 80 81 82 83 84 85 86 87 88 89 90 91 92 93 94 95 96 97 98 99 101 102 104 105 106 107 108 109 110 111 112 113 114 115 116 117 118 119 120 121 122 123 124 125 126 127 128 129 130 131 132 133 135 136 138 139 140 142 143 144 145 146 148 150 151 153 154 155 156 157 158 159 160 162 163 164 166 167 168 169 171 172 173 174 175 176 177 178 179 180 181 182 183 184 185 186 187 188 189 191 193 194 195 196 197 198 200 201 202 204 205 206 208 209 210 211 212 213 215 216 217 218 219 220 221 222 223 224 225 226 227 228 229 230 231 232 233 235 236 238 240 241 242 243 244 245 246 247 248 249 250 251 252 253 254 255 256 257 258 259 260 262 263 264 265 266 267 268 269 270 271 272 273 274 275 276 277 278 279 280 281 282 283 284 285 287 288 289 290 291 292 293 294 295 296 297 298 299 300 301 302 303 304 305 306 308 309 310 311 312 313 314 315 316 317 318 319 320 321 322 323 324 325 326 327 328 329 330 331 332 333 334 335 336 339 340 341 342 343 344 345 346 347 348 349 350 351 352 353 354 355 356 357 359 361 362 363 364 365 366 367 368 369 370 372 373 374 375 376 378 379 381 382 383 385 387 388 389 390 391 393 395 396 397 398 399 400 401 402 403 404 405 406 408 409 410 411 412 413 414 415 416 417 418 419 420 421 422 423 424 425 426 428 429 430 431 432 433 434 435 436 437 438 440 441 442 443 444 447 448 449 450 451 452 453 454 455 456 457 458 459 460 461 462 463 464 465 467 468 469 470 471 472 473 474 477 478 479 480 481 482 484 486 487 488 489 490 491 492 493 494 495 496 497 498 499
V1:  54 214 337 386
V2:  0 23 57 70 72 77 100 103 134 137 141 147 149 152 161 165 170 190 192 199 203 207 234 237 239 261 286 307 338 358 360 371 377 380 384 392 394 407 427 439 445 446 466 475 476 483 485
gap: 0
status: feasible
