obj: 43.000000 time: 0.013813 gap: 8.139535 iter: 191

obj: 40 time: 0.033112
V0:  0 1 2 3 5 6 7 8 9 10 11 14 15 16 17 18 19 20 22 24 26 27 28 29 30 31 32 33 34 36 39 40 41 42 43 44 45 46 47 48 50 51 52 54 55 56 57 58 59 61 62 63 64 65 67 68 69 70 71 72 73 74 75 76 77 78 79 80 81 82 83 84 85 86 87 88 89 90 91 92 93 94 95 96 97 98 99 100 102 103 104 105 106 107 109 110 111 112 113 114 115 116 117 118 119 120 121 122 123 124 126 127 128 129 130 131 132 133 134 135 136 137 138 139 140 141 143 144 145 146 147 148 149 150 151 152 153 154 155 156 157 158 160 161 162 163 164 165 166 167 168 169 170 171 172 173 174 176 177 178 179 180 181 182 183 184 185 186 187 188 189 190 191 192 193 194 195 196 197 199
V1: 
V2:  4 12 13 21 23 25 35 37 38 49 53 60 66 101 108 125 142 159 175 198
gap: 0
status: feasible
