obj: 25.000000 time: 0.008374 gap: 6.666667 iter: 91

obj: 24 time: 0.033422
V0:  0 1 2 3 4 5 6 7 8 9 10 11 12 14 15 16 17 20 21 22 24 25 26 27 28 29 30 31 33 34 35 36 37 38 39 40 41 42 43 44 45 46 47 48 49 50 51 52 53 54 55 56 57 58 60 61 62 63 65 66 67 68 69 70 72 73 74 76 77 78 79 80 81 82 83 84 85 86 87 88 89 90 91 92 94 96 97 99
V1: 
V2:  13 18 19 23 32 59 64 71 75 93 95 98
gap: 0
status: feasible
