obj: 18.000000 time: 0.004858 gap: 12.962963 iter: 72

obj: 16 time: 0.009387
V0:  0 1 2 3 4 6 7 9 10 11 12 13 15 16 17 18 19 20 21 22 23 24 26 28 30 31 32 33 34 36 37 39 40 41 42 43 44 45 47 48 49
V1:  25 46
V2:  5 8 14 27 29 35 38
gap: 0
status: feasible
