obj: 43.000000 time: 0.014270 gap: 5.232558 iter: 185
obj: 42.000000 time: 0.051092 gap: 2.380952 iter: 190

obj: 41 time: 0.070245
V0:  0 1 2 3 4 5 6 7 8 10 11 14 15 16 17 18 19 21 22 23 24 25 27 28 29 30 31 32 33 34 35 36 37 38 39 40 41 42 43 44 45 46 47 48 49 50 52 53 55 56 57 58 59 60 61 63 64 65 66 67 68 69 71 72 73 74 75 76 77 78 79 80 81 82 83 84 85 86 87 88 89 90 91 92 93 95 97 98 99 100 101 102 104 105 106 107 108 109 110 111 112 113 114 115 116 117 118 120 123 124 125 126 128 129 130 131 133 134 135 136 138 139 140 141 142 143 144 145 146 147 148 149 151 152 153 154 155 156 157 158 159 160 161 162 163 164 165 166 167 168 169 170 171 172 173 174 175 177 178 180 181 182 183 184 185 186 187 188 189 190 191 192 193 194 195 197 198 199
V1:  51 121 176
V2:  9 12 13 20 26 54 62 70 94 96 103 119 122 127 132 137 150 179 196
gap: 0
status: feasible
