obj: 62.000000 time: 0.025173 gap: 23.529412 iter: 399
obj: 58.000000 time: 0.072730 gap: 17.911877 iter: 424
obj: 56.000000 time: 0.160736 gap: 14.356216 iter: 627

obj: 48 time: 0.194742
V0:  0 1 2 3 4 5 6 7 8 9 10 11 12 14 15 17 18 19 20 21 22 23 24 25 27 28 29 30 31 32 33 34 35 36 37 39 41 43 44 45 46 47 48 50 51 52 53 54 56 57 58 59 60 61 62 63 65 66 67 68 69 71 72 73 74 75 76 77 79 80 82 83 84 85 86 87 88 89 90 91 92 93 94 95 96 97 98 99 100 101 102 103 106 107 108 109 110 111 112 113 114 115 116 117 118 119 121 122 123 124 125 126 127 128 129 130 131 132 133 134 135 136 137 138 139 140 141 142 143 144 145 146 147 148 149 150 151 152 153 154 155 156 157 160 161 162 163 164 165 166 167 169 170 171 172 173 174 175 176 177 178 179 180 181 182 183 184 185 186 188 189 190 191 192 193 194 195 196 197 198 199 200 201 202 203 204 205 206 207 208 209 210 211 212 213 214 215 217 218 219 220 221 222 223 224 225 226 227 228 229 230 231 232 233 234 235 236 237 238 239 240 241 242 243 244 245 246 247 248 249 250 251 252 253 254 255 256 258 259 260 261 262 263 264 265 266 267 268 269 270 271 272 273 274 275 276 278 279 280 281 282 283 284 285 287 288 289 290 291 292 293 294 295 296 297 298
V1: 
V2:  13 16 26 38 40 42 49 55 64 70 78 81 104 105 120 158 159 168 187 216 257 277 286 299
gap: 0
status: feasible
