obj: 17.000000 time: 0.007919 gap: 10.294118 iter: 93

obj: 16 time: 0.031753
V0:  0 1 3 4 5 6 7 8 9 10 11 12 13 14 15 16 17 18 19 20 21 22 24 25 26 27 28 29 30 31 32 33 35 36 37 38 40 41 42 43 44 45 46 47 48 49 50 51 52 53 54 55 56 57 58 59 60 61 62 63 64 65 66 68 69 70 72 73 74 75 76 77 78 79 80 82 83 84 86 87 88 89 90 91 92 93 94 95 96 97 98 99
V1: 
V2:  2 23 34 39 67 71 81 85
gap: 0
status: feasible
