obj: 97.000000 time: 0.028958 gap: 12.242268 iter: 496
obj: 91.000000 time: 0.088612 gap: 4.395604 iter: 585

obj: 87 time: 0.100431
V0:  0 1 2 3 4 5 6 7 9 10 11 12 13 14 16 17 18 19 20 21 22 23 24 25 26 27 28 29 30 31 32 33 34 35 36 38 39 40 41 42 43 44 45 46 47 48 49 50 51 52 53 54 55 56 59 60 61 63 64 65 66 68 69 71 72 73 74 76 77 78 79 81 82 83 84 85 86 87 88 92 93 94 95 96 97 99 100 101 102 103 104 105 106 107 108 109 110 111 112 114 115 117 118 119 120 121 122 123 125 126 127 128 129 130 131 132 133 134 136 137 139 140 141 142 143 144 145 146 147 148 149 150 151 152 153 154 156 158 159 160 161 162 163 164 165 166 167 168 169 170 172 173 174 175 176 178 179 180 181 182 184 185 186 187 188 189 190 191 192 193 194 195 196 197 198 199 200 201 202 203 204 205 206 207 208 209 210 211 212 213 214 215 216 217 218 219 220 221 222 223 224 225 226 227 228 229 230 232 233 234 235 236 237 238 239 240 241 242 244 245 249 250 251 252 253 254 255 256 257 258 259 260 262 263 264 265 266 267 268 269 271 272 273 274 275 276 277 278 279 280 281 282 283 284 285 286 287 288 289 290 291 292 293 294 295 296 298 299 300 303 304 305 306 307 308 309 311 312 313 314 315 316 318 319 320 321 322 323 324 325 326 327 329 330 331 332 333 334 335 336 337 338 340 341 342 343 344 345 346 348 349 350 352 353 354 355 356 357 358 361 362 363 364 365 366 367 368 369 371 372 373 374 375 376 377 378 380 381 382 383 384 385 387 388 389 390 391 392 393 394 395 396 398 399
V1:  231 261 270 328 339
V2:  8 15 37 57 58 62 67 70 75 80 89 90 91 98 113 116 124 135 138 155 157 171 177 183 243 246 247 248 297 301 302 310 317 347 351 359 360 370 379 386 397
gap: 0
status: feasible
