obj: 23.000000 time: 0.005833 gap: 13.043478 iter: 89

obj: 20 time: 0.010964
V0:  0 1 2 3 5 6 7 8 10 11 12 13 14 15 16 17 18 19 20 21 22 23 24 25 27 28 30 31 32 33 34 35 36 37 38 39 41 42 43 45 46 47 49 50 51 53 54 55 56 57 58 59 61 62 63 64 66 67 68 70 71 72 73 74 75 76 77 78 79
V1:  9 60
V2:  4 26 29 40 44 48 52 65 69
gap: 0
status: feasible
