obj: 99.000000 time: 0.030870 gap: 4.723708 iter: 536
obj: 98.000000 time: 0.120359 gap: 3.061224 iter: 553

obj: 95 time: 0.125337
V0:  0 2 3 4 5 6 7 8 10 12 13 14 15 16 17 18 19 20 21 22 23 24 25 26 27 28 30 31 33 34 35 36 37 38 40 41 42 43 44 45 46 47 48 49 50 51 52 53 54 55 56 57 58 59 60 61 62 63 64 65 66 69 70 71 72 73 74 75 76 77 78 79 80 81 82 83 84 85 86 87 88 89 90 91 92 94 96 97 98 99 100 102 103 104 106 107 108 109 111 112 113 114 115 116 117 118 119 120 121 122 124 125 127 130 131 132 133 135 136 137 138 139 140 141 142 143 144 145 146 147 148 149 150 151 152 153 154 155 156 157 158 159 160 161 163 164 165 167 168 169 170 171 172 173 174 175 178 179 181 182 183 184 185 187 189 190 191 193 194 195 196 197 198 199 201 202 203 204 205 206 208 209 210 211 212 214 215 216 217 218 219 221 223 224 225 226 228 229 230 231 232 233 235 236 237 238 239 240 241 242 243 244 245 246 247 249 250 251 252 253 254 255 256 257 258 259 260 261 262 263 264 265 266 267 268 269 270 271 272 273 274 277 278 279 280 281 282 283 284 285 287 288 290 291 292 293 294 295 296 297 298 299 300 301 302 303 304 305 306 307 308 310 312 313 314 315 316 318 319 320 321 322 323 324 326 327 329 330 331 333 334 335 336 337 338 339 340 341 342 343 344 345 346 347 348 350 352 353 354 355 356 357 358 359 360 361 362 363 365 366 367 368 369 370 371 373 374 375 376 377 378 379 381 382 383 384 385 386 387 388 389 390 391 392 393 394 395 396 397 398 399
V1:  29 222 349
V2:  1 9 11 32 39 67 68 93 95 101 105 110 123 126 128 129 134 162 166 176 177 180 186 188 192 200 207 213 220 227 234 248 275 276 286 289 309 311 317 325 328 332 351 364 372 380
gap: 0
status: feasible
