obj: 113.000000 time: 0.045033 gap: 18.320691 iter: 677
obj: 105.000000 time: 0.103453 gap: 11.141271 iter: 738
obj: 103.000000 time: 0.275925 gap: 8.891783 iter: 974
obj: 99.000000 time: 0.311101 gap: 5.114274 iter: 1029
obj: 95.000000 time: 0.412883 gap: 1.100419 iter: 1422

obj: 94 time: 0.443561
V0:  0 1 2 3 4 5 6 7 9 10 11 12 13 14 15 16 17 18 19 20 21 22 23 25 26 27 28 29 30 31 32 33 34 35 36 37 39 40 42 43 44 45 46 47 48 49 50 53 54 55 56 57 58 59 60 61 62 63 64 65 66 67 68 69 70 71 72 73 74 75 76 77 78 79 81 82 83 84 86 88 89 91 92 93 94 95 96 97 98 99 101 105 106 107 108 109 110 111 112 113 114 115 117 118 119 120 122 124 125 126 127 128 129 130 131 132 133 134 135 136 138 139 140 141 142 144 145 146 147 149 150 152 153 154 155 156 157 158 159 160 161 162 163 164 165 166 167 168 169 170 171 172 173 174 175 176 177 178 179 180 182 183 184 186 187 188 189 190 192 194 195 196 197 198 199 200 201 202 203 204 205 206 207 208 209 210 211 212 213 214 215 216 217 219 220 221 222 223 224 225 226 227 228 229 230 231 232 233 234 235 236 237 238 239 240 241 242 243 244 245 246 247 248 249 250 251 252 253 254 255 256 257 258 260 261 262 263 264 265 266 267 268 269 270 271 273 274 275 276 278 279 281 282 283 284 285 286 288 289 291 292 293 294 295 296 297 298 299 300 301 302 303 305 306 307 308 309 310 311 312 313 314 315 316 317 318 319 321 322 323 324 325 326 327 328 329 332 333 335 336 338 339 340 342 343 345 346 347 348 349 351 352 353 354 355 356 357 358 359 360 361 362 363 364 365 366 367 368 369 370 371 372 373 374 375 376 378 379 380 381 382 383 385 386 387 388 389 390 391 393 394 396 397 399 400 401 402 403 404 405 406 407 408 409 410 411 412 413 414 416 417 418 419 420 421 422 423 424 425 426 427 428 429 430 431 432 433 434 435 436 437 438 439 440 441 442 443 444 445 446 447 448 449 450 451 452 453 454 455 456 457 458 459 460 461 462 463 464 465 466 467 468 469 470 471 472 473 474 475 476 477 478 479 480 481 482 483 484 485 486 488 489 490 491 492 493 494 495 496 497 498 499
V1:  8 415
V2:  24 38 41 51 52 80 85 87 90 100 102 103 104 116 121 123 137 143 148 151 181 185 191 193 218 259 272 277 280 287 290 304 320 330 331 334 337 341 344 350 377 384 392 395 398 487
gap: 0
status: feasible
