obj: 98.000000 time: 0.033296 gap: 12.505669 iter: 598
obj: 93.000000 time: 0.075775 gap: 7.258065 iter: 644
obj: 88.000000 time: 0.101271 gap: 1.704545 iter: 673

obj: 87 time: 0.125389
V0:  0 1 2 3 5 6 7 8 10 11 12 13 14 15 16 17 18 19 20 21 22 23 24 25 26 27 28 30 31 32 33 34 35 36 37 38 39 40 41 42 44 45 46 47 48 49 50 51 52 53 55 56 57 58 59 62 63 64 65 66 67 68 69 70 71 72 73 74 76 77 78 79 80 81 82 83 85 86 87 88 89 90 91 92 94 95 96 97 98 99 100 101 102 104 106 107 108 109 110 111 112 113 114 116 117 118 119 120 121 122 124 125 127 128 129 130 131 133 134 135 136 138 139 140 141 142 143 144 145 146 147 148 149 150 151 152 154 155 156 157 159 160 161 162 163 164 165 166 167 169 170 171 173 174 175 176 177 178 179 180 181 182 183 184 185 186 187 188 189 190 191 192 193 194 195 196 198 199 200 201 202 203 204 205 206 208 209 210 211 213 214 215 216 217 218 219 220 221 222 223 224 226 227 228 229 231 232 234 236 237 238 239 241 242 243 244 245 246 248 249 250 251 252 253 254 255 256 257 258 259 260 261 263 264 265 266 267 268 269 271 272 273 274 275 276 277 278 279 280 281 282 283 284 285 286 287 288 289 290 291 292 293 294 295 296 297 298 299 301 302 303 304 305 306 307 309 310 311 312 313 314 315 316 318 319 320 321 322 323 324 325 326 329 330 331 332 333 334 335 336 337 338 339 340 341 342 343 344 345 346 347 348 349 350 351 353 354 355 358 359 360 361 362 363 364 365 367 368 369 370 371 372 373 374 375 376 378 379 381 382 383 386 387 388 389 390 392 393 394 395 396 397 398 399
V1:  43 93 103 225 233
V2:  4 9 29 54 60 61 75 84 105 115 123 126 132 137 153 158 168 172 197 207 212 230 235 240 247 262 270 300 308 317 327 328 352 356 357 366 377 380 384 385 391
gap: 0
status: feasible
