obj: 14.000000 time: 0.004527 gap: 9.523810 iter: 47

obj: 13 time: 0.007633
V0:  0 1 2 3 4 5 6 9 10 11 12 13 14 15 16 17 18 19 20 21 22 23 24 25 28 29 31 32 33 35 36 37 38 39 40 41 42 43 44 46 47 48 49
V1:  30
V2:  7 8 26 27 34 45
gap: 0
status: feasible
