obj: 24.000000 time: 0.007968 gap: 6.250000 iter: 95

obj: 23 time: 0.021786
V0:  0 1 2 3 4 6 9 10 11 12 13 14 15 16 17 18 19 20 22 23 24 25 26 27 28 29 30 31 32 33 35 36 37 38 39 40 41 42 43 44 45 47 48 49 50 52 53 54 55 56 57 58 59 60 61 62 63 64 65 67 68 71 72 73 74 75 76 77 78 79 80 81 82 84 85 86 87 88 89 90 91 92 94 95 96 97 99
V1:  5 8 66
V2:  7 21 34 46 51 69 70 83 93 98
gap: 0
status: feasible
