obj: 125.000000 time: 0.041709 gap: 17.921212 iter: 652
obj: 104.000000 time: 0.095829 gap: 0.961538 iter: 674

obj: 104 time: 0.100781
V0:  0 1 4 5 6 7 8 10 11 12 13 14 15 16 17 18 20 21 22 24 25 26 27 29 30 31 32 34 35 36 37 38 39 40 41 42 43 44 45 46 47 48 49 50 51 52 53 54 55 56 57 58 59 60 61 62 63 65 66 67 68 69 70 71 72 75 76 78 79 80 81 82 83 84 85 86 87 88 90 92 93 94 95 96 97 98 99 100 101 103 104 105 106 107 108 109 110 111 112 114 115 116 118 119 121 122 123 124 125 126 127 128 129 131 132 133 134 135 136 137 138 139 140 141 142 143 144 145 146 147 148 149 150 151 152 153 154 155 158 159 160 161 162 164 165 166 167 168 169 170 173 174 175 176 177 178 179 180 181 182 184 185 186 188 189 190 191 192 193 194 195 196 197 198 199 201 202 203 204 205 206 207 208 209 210 211 212 213 214 215 216 217 218 219 220 221 222 223 224 225 227 228 229 230 231 232 233 234 235 236 237 238 239 241 242 243 244 245 246 247 248 249 250 251 252 253 254 255 257 258 259 260 262 263 264 265 266 267 268 269 270 271 272 274 275 276 277 278 279 280 281 282 283 284 285 286 287 288 289 290 291 292 294 295 296 297 298 299 300 301 302 303 304 305 306 307 308 309 310 311 312 313 314 316 317 318 319 320 321 322 323 324 325 326 327 328 329 330 331 332 333 334 335 336 338 340 341 342 343 344 345 346 347 348 349 351 352 353 354 355 356 357 358 359 360 361 363 364 365 366 367 368 369 370 371 373 374 375 376 378 379 381 382 383 385 386 387 388 389 390 391 392 393 395 396 397 398 399 401 403 404 405 406 407 409 411 412 413 414 415 416 417 418 419 420 421 422 423 424 425 426 428 429 430 431 432 433 434 435 436 438 439 441 442 443 445 446 447 448 449 450 451 454 455 456 457 458 459 460 461 463 464 465 466 467 468 469 470 471 473 474 475 476 477 478 480 481 482 483 484 485 486 487 488 490 491 492 493 494 495 496 497 498 499
V1:  64 77 226 261 350 377 384 452
V2:  2 3 9 19 23 28 33 73 74 89 91 102 113 117 120 130 156 157 163 171 172 183 187 200 240 256 273 293 315 337 339 362 372 380 394 400 402 408 410 427 437 440 444 453 462 472 479 489
gap: 0
status: feasible
