obj: 10.000000 time: 0.006317 gap: 10.000000 iter: 37

obj: 9 time: 0.011376
V0:  0 1 2 3 4 5 6 7 8 9 10 11 12 13 14 15 17 18 19 20 21 22 23 24 25 26 27 28 29 30 31 32 33 34 35 36 38 39 40 41 42 44 45 47 49
V1:  37
V2:  16 43 46 48
gap: 0
status: feasible
