obj: 230.000000 time: 0.174934 gap: 38.284161 iter: 1101
obj: 193.000000 time: 0.426406 gap: 16.054778 iter: 3365
obj: 192.000000 time: 0.546764 gap: 14.474053 iter: 4253
obj: 182.000000 time: 1.391721 gap: 4.103461 iter: 8691
obj: 180.000000 time: 1.447494 gap: 3.037943 iter: 8780
obj: 179.000000 time: 8.202084 gap: 1.084867 iter: 28067

obj: 179 time: 9.65981
V1:  3 8 9 10 11 13 14 15 18 19 23 25 26 27 28 31 32 34 35 36 37 39 40 41 43 47 49 54 57 59 65 66 67 69 70 72 75 76 77 78 79 80 81 82 83 84 86 88 89 90 92 96 98 101 104 106 109 110 114 116 118 125 127 135 136 137 138 141 142 146 147 148 150 154 158 161 162 163 167 168 169 173 175 178 180 181 183 184 185 186 189 195 197 204 206 207 208 210 212 217 220 221 224 225 226 227 228 229 230 231 233 234 235 236 237 238 239 241 245 246 247 248 255 256 257 258 259 260 261 262 267 270 271 277 281 287 288 297 300 302 304 306 307 312 313 315 319 321 330 333 339 342 343 346 347 351 359 360 361 364 365 371 372 374 376 377 380 381 383 385 386 387 399 401 403 404 407 409 410 413 415 420 422 424 425 426 427 428 433 434 437 439 440 442 443 446 448 449 450 455 458 462 465 466 470 474 479 483 484 486 489 490 491 496 497 498
V2:  8 9 10 11 14 18 23 25 26 28 31 34 37 39 41 43 47 54 57 59 66 67 70 72 75 76 77 78 79 80 81 82 83 84 86 88 89 92 96 98 101 104 106 109 110 114 116 118 125 127 135 136 137 138 141 147 148 150 161 162 163 168 169 173 175 178 180 185 186 189 195 197 204 207 210 212 217 221 224 225 226 227 228 229 231 234 237 238 239 241 245 247 248 255 257 259 260 261 262 267 271 281 288 297 302 304 306 307 312 321 330 333 339 342 351 359 365 371 372 376 377 385 386 399 401 404 409 410 415 420 422 424 427 428 433 437 440 442 443 446 450 462 466 474 479 483 489 496 497 498
V3:  9 10 11 23 25 31 34 37 39 41 47 57 66 72 76 77 78 79 80 81 83 86 88 89 92 96 98 101 104 106 110 114 116 118 125 127 135 136 141 147 148 150 161 162 163 169 173 175 178 180 185 189 195 197 204 207 212 221 224 226 227 231 234 239 241 248 255 259 260 267 271 288 302 306 307 312 330 351 365 371 377 385 386 410 415 420 427 428 433 437 440 442 446 462 466 496 498
gap: 0
status: feasible
