obj: 173.000000 time: 0.070512 gap: 3.468208 iter: 73
obj: 171.000000 time: 0.073326 gap: 2.079272 iter: 104

obj: 171 time: 0.113374
V1:  1 2 6 7 9 10 11 12 15 16 17 18 19 20 21 25 26 27 32 35 38 41 43 45 48 51 52 53 55 56 59 60 61 63 64 65 66 71 73 74 75 76 79 81 82 87 88 90 95 100 102 103 105 107 108 110 111 114 117 120 122 123 126 130 132 133 134 139 143 145 147 148 150 151 152 156 158 159 160 161 164 165 166 167 168 170 175 180 181 183 185 186 189 190 191 192 196 197 198 199 200 204 206 207 208 209 211 214 216 220 224 225 228 230 232 236 239 241 243 245 247 250 251 257 260 262 263 267 268 270 275 277 278 280 282 287 291 293 299
V2:  7 9 10 11 12 15 16 17 18 19 20 21 25 27 32 35 38 43 45 48 51 52 53 55 56 59 60 61 63 64 65 66 71 73 74 75 79 81 87 90 95 100 102 105 111 114 117 120 123 126 130 132 133 134 139 143 145 147 148 150 151 152 156 159 160 161 164 166 167 168 175 180 181 183 185 186 189 191 196 197 198 200 204 206 207 208 209 211 214 216 220 224 225 228 230 232 236 239 241 245 257 263 267 270 275 280 282 287 291 293 299
V3:  7 9 10 11 12 15 16 20 21 25 32 35 38 43 48 51 55 56 59 60 61 63 65 66 71 73 74 75 79 81 87 90 95 100 102 114 117 120 123 130 132 133 134 139 143 145 147 148 151 152 156 159 160 167 180 183 185 186 189 191 204 206 209 211 216 220 224 228 230 232 236 239 241 245 257 263 270 275 280 287 293 299
gap: 0
status: feasible
