obj: 23.000000 time: 0.012936 gap: 18.478261 iter: 40
obj: 20.000000 time: 0.015101 gap: 5.000000 iter: 42

obj: 20 time: 0.015926
V1:  1 4 8 10 11 12 15 18 19 21 22 24 25 28 29 34 36 37 40 42 43 45 49
V2:  1 8 10 11 12 18 19 21 22 24 25 28 43 49
V3:  8 10 18 21 22 24 25 28 43 49
gap: 0
status: feasible
