obj: 24.000000 time: 0.015265 gap: 12.500000 iter: 48

obj: 24 time: 0.024413
V1:  2 4 5 7 8 9 11 14 16 20 25 26 27 29 31 32 34 37 38 42 43 47 49
V2:  5 7 8 9 11 14 16 20 26 27 29 31 32 34 38 42 43 47 49
V3:  5 7 9 11 16 26 42 47 49
gap: 0
status: feasible
