obj: 7.000000 time: 0.220991 gap: 179.103280 iter: 1277
obj: 3.000000 time: 1.055012 gap: 273.987421 iter: 1686
obj: -0.000000 time: 8.418283 gap: 4813178480975.607422 iter: 22297
obj: -1.000000 time: 18.091048 gap: 350.809210 iter: 70458
obj: -2.000000 time: 121.877273 gap: 114.881141 iter: 668761

obj: -2 time: 1200.24
V1:  1 2 4 19 20 24 32 35 36 38 39 41 42 46 47 48 49 50 51 67 69 70 72 76 79 82 84 86 88 89 91 92 94 95 98 99 101 103 104 111 112 115 123 126 130 131 133 135 140 142 143 147 149 153 154 157 158 159 161 164 165 166 168 170 171 172 178 179 182 183 185 189 194 197 198 199 201 204 210 211 215 218 224 228 232 233 238 246 247 248 251 255 256 261 262 263 266 269 271 273 279 281 287 289 291 296 297 298 300
V2:  2 4 20 42 46 48 49 51 72 82 84 86 88 89 92 95 98 99 101 103 104 111 112 115 123 130 131 135 143 153 158 159 161 165 170 171 178 179 182 185 194 204 211 218 232 233 247 248 255 256 261 269 271 279 281 300
V3:  2 4 48 49 51 72 82 88 92 99 103 104 111 115 130 153 161 171 185 194 204 248 269 271
gap: 0.908914
status: feasible
