obj: 218.000000 time: 0.163363 gap: 27.350917 iter: 839
obj: 197.000000 time: 0.281041 gap: 14.836368 iter: 1674
obj: 191.000000 time: 0.555263 gap: 8.119962 iter: 3495
obj: 181.000000 time: 1.218503 gap: 1.787984 iter: 5813

obj: 181 time: 2.7346
V1:  2 3 5 10 11 14 15 16 17 19 22 24 25 26 30 32 33 34 35 36 37 39 40 46 47 49 53 56 57 66 67 72 75 76 77 79 80 82 84 85 89 90 94 96 97 103 104 106 109 110 113 118 119 122 123 124 125 126 128 129 131 132 133 134 135 138 140 142 145 147 148 150 151 154 155 157 158 160 163 164 166 169 172 173 175 182 184 186 187 188 189 190 192 197 199 200 203 206 208 210 211 215 216 217 219 221 222 224 228 230 232 234 235 240 242 244 246 247 249 256 257 258 259 263 265 266 267 270 271 272 274 277 280 282 287 289 290 291 292 295 298 299 305 306 308 312 320 322 323 324 325 328 330 333 335 341 343 353 354 355 359 360 368 372 373 377 379 381 385 387 388 389 390 393 395 396 400 409 415 416 419 422 423 425 429 434 438 440 442 443 444 445 452 458 459 460 462 463 467 468 469 474 475 477 479 481 483 486 488 494 496 498 499
V2:  3 5 10 11 14 15 19 22 24 25 26 30 32 34 35 36 37 39 46 47 49 56 57 67 72 75 76 77 80 82 84 85 89 90 94 96 97 104 109 110 113 118 119 122 123 124 129 132 134 135 138 140 142 145 148 150 151 155 158 163 169 172 175 182 184 186 188 189 190 197 203 206 208 210 215 217 221 222 224 228 234 240 242 244 246 247 249 258 259 265 267 270 271 272 274 277 282 290 295 299 305 306 308 322 323 324 325 328 330 333 335 341 353 354 355 359 360 372 373 377 381 385 388 389 390 393 395 396 400 409 415 419 423 429 434 438 443 444 445 452 459 462 468 469 474 475 479 481 483 486 488 496
V3:  5 10 11 15 22 24 26 30 32 35 36 37 46 47 56 57 67 75 76 77 82 85 94 96 104 110 118 124 132 134 135 138 140 142 148 151 163 182 184 186 189 197 203 206 208 210 215 221 222 228 234 240 242 244 246 249 258 265 267 270 271 272 274 282 290 295 305 306 308 323 325 328 330 333 335 354 355 359 360 372 373 377 381 385 388 390 393 395 400 415 419 423 429 438 452 462 469 474 475 479 481 483 486
gap: 0
status: feasible
