obj: 16.000000 time: 0.011967 gap: 39.062500 iter: 131
obj: 13.000000 time: 0.021108 gap: 7.692308 iter: 222

obj: 13 time: 0.04624
V1:  5 6 7 8 12 16 17 18 19 21 25 27 29 36 37 41 43 46 48 50
V2:  5 7 8 12 17 19 21 29 37 41 43 46 48 50
V3:  8 19 21 29 37 41 43 48 50
gap: 0
status: feasible
