obj: 50.000000 time: 0.030441 gap: 5.500000 iter: 89

obj: 50 time: 0.037992
V1:  3 4 6 7 9 11 12 15 17 19 21 23 24 25 26 27 28 30 32 34 37 41 43 44 47 48 49 52 53 55 57 59 61 68 70 72 75 82 85 86 87 89 91 96 99
V2:  3 4 6 9 12 15 17 19 21 23 24 25 27 30 32 34 37 41 44 48 49 53 57 61 68 70 72 75 82 87 89 91 96
V3:  3 6 9 12 15 17 19 21 23 25 27 30 32 34 37 41 44 49 53 57 61 68 72 75 87 89 96
gap: 0
status: feasible
