obj: 57.000000 time: 0.010142 gap: 5.764411 iter: 29

obj: 54 time: 0.011735
V1:  3 4 5 7 8 9 10 11 12 13 15 16 17 24 25 26 27 28 29 31 32 35 36 38 40 43 44 45 47 48 50
V2:  3 4 5 7 8 9 10 11 12 13 15 16 17 24 25 26 27 28 29 31 32 35 36 40 43 44 45 48 50
V3:  3 7 8 11 12 15 17 24 26 28 32 36 44
gap: 0
status: feasible
