obj: 134.000000 time: 0.014385 gap: 1.305970 iter: 11

obj: 133 time: 0.016286
V1:  1 2 3 5 6 7 8 9 10 12 14 15 16 17 19 20 21 22 23 24 25 26 28 30 31 33 34 36 37 38 39 40 41 42 43 44 45 46 47 48 51 52 53 54 56 58 60 61 62 63 65 69 70 71 72 73 74 76 77 79 81 83 86 87 88 90 93 94 97 98 99
V2:  1 2 3 5 6 7 8 9 10 12 14 15 16 17 19 20 21 22 23 24 25 26 28 30 31 33 34 36 37 38 39 40 41 42 43 44 45 46 47 48 51 52 53 54 56 58 61 62 63 65 69 70 71 72 73 74 76 77 79 81 83 86 87 88 90 93 94 97 98 99
V3:  3 6 7 8 10 20 21 25 26 30 36 37 38 43 44 45 46 48 63 73 87
gap: 0
status: feasible
