obj: 24.000000 time: 0.263195 gap: 107.742006 iter: 1652
obj: 17.000000 time: 0.793927 gap: 107.864889 iter: 2378
obj: 14.000000 time: 5.121766 gap: 107.391999 iter: 23900
obj: 9.000000 time: 7.422391 gap: 111.179493 iter: 38785
obj: 8.000000 time: 19.386062 gap: 110.230627 iter: 54147
obj: 7.000000 time: 81.958112 gap: 108.033841 iter: 357301
obj: 6.000000 time: 82.868830 gap: 109.329620 iter: 361928
obj: 5.000000 time: 237.662469 gap: 109.164752 iter: 1056234

obj: 5 time: 1200.51
V1:  3 5 7 11 14 16 17 19 20 21 23 24 25 27 28 31 33 34 41 42 46 47 52 53 54 56 61 62 68 69 75 77 78 80 84 87 88 90 91 92 95 96 97 102 105 114 116 120 124 127 136 138 140 141 145 146 148 150 151 154 155 157 161 163 166 178 179 182 183 186 187 189 190 200 201 203 206 207 208 210 219 220 221 229 231 233 234 237 238 239 241 243 246 248 250 252 254 255 257 258 260 263 266 267 268 272 274 276 277 283 286 288 289 290 292 297 300 305 314 315 316 320 322 323 325 328 330 332 334 336 338 341 343 348 349 351 356 357 359 360 363 365 366 367 368 371 374 377 385 386 391 395 397 399 400
V2:  3 5 14 16 20 27 31 34 41 42 53 56 61 62 75 78 80 84 87 88 90 97 116 127 136 157 166 182 183 187 203 208 219 220 221 229 237 241 248 250 252 258 260 263 266 267 277 283 288 289 290 292 297 300 305 316 325 334 343 351 363 367 374 377 386 391 395
V3:  27 41 42 61 78 80 84 87 90 136 182 203 219 229 237 241 248 252 263 266 267 289 290 292 325 363 374 391
gap: 1.00945
status: feasible
