obj: 29.000000 time: 0.127211 gap: 89.030260 iter: 980
obj: 18.000000 time: 0.637429 gap: 78.898292 iter: 1924
obj: 16.000000 time: 0.657161 gap: 76.260578 iter: 1924
obj: 13.000000 time: 1.795723 gap: 69.332358 iter: 2668
obj: 12.000000 time: 7.803498 gap: 64.389315 iter: 28734
obj: 11.000000 time: 17.611123 gap: 58.782318 iter: 113727
obj: 9.000000 time: 29.517701 gap: 48.135410 iter: 230971

obj: 9 time: 1198.92
V1:  6 14 17 18 21 22 23 24 28 30 31 32 33 34 36 39 41 42 48 49 53 55 56 62 63 67 72 77 80 81 88 92 94 97 98 99 101 102 106 110 112 113 115 116 118 122 123 126 127 128 129 132 133 134 136 139 140 142 143 145 146 147 150 155 156 157 161 165 166 167 169 171 172 176 185 188 189 191 193 197 200 205 206 209 213 214 215 216 217 218 220 223 224 227 228 233 234 237 240 243 247 249 256 257 261 263 265 266 270 277 279 281 286 287 289 292 295 297
V2:  17 18 24 30 32 34 36 39 49 53 63 67 77 94 98 99 112 116 118 123 126 129 133 134 136 139 142 147 150 155 156 161 165 171 172 176 197 200 205 206 209 213 217 223 224 227 234 249 256 257 261 266 295 297
V3:  17 39 49 63 77 94 112 116 133 134 156 165 171 197 200 227 261 266 297
gap: 0.369263
status: feasible
