obj: 22.000000 time: 0.266522 gap: 114.565493 iter: 1709
obj: 16.000000 time: 0.804098 gap: 116.838770 iter: 2401
obj: 9.000000 time: 2.360186 gap: 129.388639 iter: 2970
obj: 7.000000 time: 4.757454 gap: 136.969657 iter: 24255
obj: 6.000000 time: 17.016354 gap: 143.084590 iter: 64505
obj: 4.000000 time: 19.262390 gap: 164.420510 iter: 73941
obj: 3.000000 time: 246.526389 gap: 166.086210 iter: 1478457
obj: 2.000000 time: 428.835047 gap: 189.427641 iter: 2462921

obj: 2 time: 1200.14
V1:  1 2 7 9 11 14 17 18 20 21 22 24 27 34 35 38 39 40 41 42 43 49 52 53 54 55 56 59 61 62 65 67 68 71 73 75 76 77 80 83 85 87 97 101 102 105 107 108 109 110 112 113 114 116 117 118 119 121 123 125 126 127 129 133 134 136 137 139 140 146 147 155 167 174 175 178 180 181 183 184 185 186 188 191 194 195 200 204 206 211 212 214 216 217 218 220 222 223 226 227 235 243 244 249 251 263 264 265 267 271 273 276 277 282 283 285 286 288 289 293 294 296 301 308 310 312 318 326 330 332 334 335 336 349 350 351 352 354 358 362 366 367 372 379 382 384 387 389 390 391 392 393 395
V2:  1 11 21 27 39 40 41 49 52 55 56 61 65 67 68 73 75 76 80 83 97 101 105 108 109 110 117 121 125 133 155 178 180 181 183 185 186 204 212 216 223 226 243 264 267 276 277 282 285 288 293 294 296 310 318 326 330 332 349 354 362 379 384 387 389 390 391 392 395
V3:  27 39 49 52 55 80 83 109 110 117 125 133 181 185 186 216 223 267 285 288 296 318 332 354 362 384 391
gap: 1.79858
status: feasible
