obj: 49.000000 time: 0.103970 gap: 58.852730 iter: 1187
obj: 48.000000 time: 0.447124 gap: 50.687611 iter: 2610
obj: 33.000000 time: 1.997286 gap: 22.522145 iter: 7113
obj: 32.000000 time: 71.316211 gap: 14.811256 iter: 484783
obj: 31.000000 time: 469.760954 gap: 9.146156 iter: 3118465

obj: 31 time: 1200.2
V1:  1 2 8 10 13 17 19 26 30 32 35 38 43 48 51 55 57 62 66 67 69 73 75 77 79 80 83 86 89 91 92 94 96 98 99 100 101 102 104 105 109 112 113 114 121 123 127 128 130 134 135 140 141 142 143 144 145 146 147 148 150 151 154 157 158 163 164 165 168 169 172 174 175 179 181 182 183 184 187 188 190 194 196 199 202 207 211 212 216 222 223 225 227 228 231 235 241 243 247 248 250 251 253 255 258 260 261 266 273 276 279 284 287 290 291 292
V2:  1 2 8 13 17 26 38 48 55 57 62 67 69 73 75 77 86 91 92 94 96 98 99 100 101 104 105 112 113 114 121 123 140 141 142 143 146 147 148 158 164 165 168 169 172 175 182 187 194 196 199 202 207 211 216 225 235 241 247 250 251 255 258 261 266 276 279 290 291
V3:  13 17 62 73 86 92 94 96 100 101 114 121 140 142 146 147 182 187 194 196 202 207 211 241 251 255 258 266 276 290
gap: 0.0716657
status: feasible
