obj: 214.000000 time: 0.120055 gap: 9.579439 iter: 257
obj: 209.000000 time: 0.199517 gap: 4.937942 iter: 1035
obj: 203.000000 time: 0.415025 gap: 1.273281 iter: 1694

obj: 203 time: 0.653444
V1:  1 4 7 10 11 12 20 21 22 25 27 28 30 31 33 34 35 36 37 40 41 43 44 45 49 52 53 55 57 58 59 60 62 64 65 68 69 70 71 72 73 74 76 78 80 82 85 89 90 91 93 94 97 98 104 106 107 108 112 113 117 119 121 122 125 126 128 129 130 139 140 144 147 150 151 154 158 164 166 167 170 171 178 179 183 184 186 187 191 192 194 195 197 202 203 204 205 209 210 213 215 216 219 221 223 224 226 228 231 235 236 238 239 240 241 243 248 249 250 252 253 254 256 257 260 261 262 263 266 267 270 271 275 276 277 278 281 283 291 295 296 298 301 302 304 306 307 308 310 313 318 319 323 324 326 327 328 329 334 339 342 343 349 350 352 355 356 360 362 365 371 372 374 381 383 386 389 390 391 393 394 397 398
V2:  1 4 7 10 11 20 21 22 25 27 28 30 33 34 35 37 41 43 45 49 52 53 55 58 59 60 65 69 70 71 72 73 76 78 80 85 89 90 91 93 97 98 104 106 107 113 117 119 121 122 125 126 128 129 130 139 140 147 150 151 154 158 164 166 167 170 178 179 186 187 191 192 197 204 205 209 210 213 215 216 219 221 226 228 231 235 236 238 239 240 243 248 249 250 253 254 256 257 260 262 263 267 270 271 275 276 277 278 281 283 291 298 301 302 304 307 313 318 323 324 326 329 334 339 342 343 349 350 352 355 356 360 362 365 371 372 374 381 383 386 390 397 398
V3:  4 7 10 11 20 21 22 25 28 33 34 37 41 43 49 52 53 58 59 69 70 71 72 73 76 78 80 89 90 98 104 107 121 125 126 128 129 130 139 147 150 151 158 166 167 170 178 179 191 192 197 204 205 210 221 226 228 231 235 238 239 240 243 248 249 250 260 262 267 270 275 276 298 302 304 307 313 318 323 324 326 334 339 342 343 355 360 362 365 371 381 383 390 397
gap: 0
status: feasible
