obj: 25.000000 time: 0.006158 gap: 7.111111 iter: 25

obj: 24 time: 0.008399
V1:  1 5 6 7 9 10 11 12 13 14 17 19 20
V2:  1 5 6 7 9 10 11 12 13 14 17 19 20
V3:  7 10 13 14 20
gap: 0
status: feasible
