obj: 14.000000 time: 0.006424 gap: 25.000000 iter: 46
obj: 12.000000 time: 0.010966 gap: 8.333333 iter: 88

obj: 11 time: 0.016275
V1:  2 3 4 7 9 12 13 17 18 19 25 26 29
V2:  2 4 9 12 13 17 18 19 25 26
V3:  9 12 13 17 26
gap: 0
status: feasible
