obj: 181.000000 time: 0.039382 gap: 1.104972 iter: 26

obj: 181 time: 0.041203
V1:  1 2 4 5 6 7 8 9 10 11 13 14 16 17 18 20 21 24 26 29 30 31 32 34 36 37 39 41 43 45 47 48 49 52 53 54 55 57 58 59 60 61 67 70 71 72 74 76 79 80 81 82 83 84 87 90 91 93 94 95 98 103 107 110 111 113 116 117 118 120 121 122 123 124 127 128 130 132 134 135 136 137 138 139 141 142 152 153 155 158 162 163 165 166 167 168 172 178 180 181 183 184 185 187 191 193 194 195 197 199 200
V2:  1 4 5 6 7 8 9 10 11 13 14 16 17 18 20 21 24 26 29 30 31 32 36 37 39 41 43 45 47 48 49 52 53 54 55 57 58 59 60 61 70 71 72 74 76 79 80 81 82 83 84 87 90 91 94 98 103 110 111 113 116 117 118 120 121 123 124 127 128 132 134 135 136 137 138 139 141 142 152 153 155 162 163 165 166 167 168 172 178 181 183 184 185 187 191 193 194 195 197 199 200
V3:  1 6 7 8 9 11 13 14 16 18 20 21 26 29 30 36 37 39 41 49 53 54 55 57 58 59 60 61 70 71 72 74 82 87 91 94 98 111 117 118 120 121 123 127 128 132 137 138 141 142 155 162 165 181 183 184 194 195
gap: 0
status: feasible
