obj: 29.000000 time: 0.065936 gap: 76.293103 iter: 600
obj: 19.000000 time: 0.242436 gap: 60.047728 iter: 1337
obj: 14.000000 time: 0.390880 gap: 43.624161 iter: 2008
obj: 11.000000 time: 0.661001 gap: 26.615899 iter: 2822
obj: 10.000000 time: 4.794375 gap: 12.831469 iter: 35268

obj: 10 time: 5.59239
V1:  2 4 6 7 10 14 28 32 33 35 37 38 41 42 43 45 46 50 51 53 55 58 61 62 63 64 65 66 67 72 83 86 87 88 89 91 94 104 106 111 112 114 115 124 131 133 137 138 139 141 145 147 148 150 153 156 157 158 163 165 166 168 171 174 175 176 177 179 180 181 183 190 191 193 195 197 199
V2:  4 6 7 10 33 37 38 41 45 46 51 55 58 61 62 63 64 65 72 86 87 88 91 111 112 124 133 137 138 139 147 157 158 165 171 174 175 177 180
V3:  4 6 7 10 41 62 63 64 86 87 91 111 133 157 165 174 177
gap: 0
status: feasible
