obj: 16.000000 time: 0.019287 gap: 59.375000 iter: 264
obj: 12.000000 time: 0.159841 gap: 33.101350 iter: 1005
obj: 11.000000 time: 0.267648 gap: 25.802940 iter: 2794

obj: 11 time: 1.23945
V1:  5 12 17 19 20 21 22 25 27 31 32 35 40 43 45 46 47 49 51 53 57 60 63 68 70 72 75 76 80
V2:  5 12 17 19 21 22 25 27 31 32 35 40 45 46 47 53 57 63 70 75 76 80
V3:  12 17 19 25 27 31 32 35 45 70 76
gap: 0
status: feasible
