obj: 26.000000 time: 0.176540 gap: 92.694413 iter: 1297
obj: 22.000000 time: 0.678548 gap: 85.344282 iter: 2201
obj: 20.000000 time: 1.689279 gap: 82.709329 iter: 3135
obj: 17.000000 time: 2.806266 gap: 79.001626 iter: 16721
obj: 12.000000 time: 3.697264 gap: 70.024161 iter: 24308
obj: 11.000000 time: 43.695773 gap: 63.098956 iter: 266728
obj: 10.000000 time: 44.375403 gap: 59.373423 iter: 269079
obj: 9.000000 time: 332.999999 gap: 50.134232 iter: 2295114

obj: 9 time: 1198.83
V1:  2 3 4 5 6 7 8 14 24 26 30 33 38 39 46 47 56 60 61 63 65 67 70 71 75 80 82 86 87 89 91 94 95 97 98 100 101 104 105 106 107 110 111 115 117 118 121 122 128 130 132 134 136 139 144 145 151 153 154 161 164 167 180 181 182 183 186 187 188 189 190 192 194 199 201 204 208 211 213 217 221 222 223 224 227 230 231 234 236 239 240 245 247 248 249 250 252 257 258 259 270 271 272 273 275 276 277 280 285 288 289 291 298
V2:  3 4 5 6 8 26 33 38 46 47 60 61 67 70 80 89 91 100 101 105 107 110 111 118 121 130 139 145 151 167 180 183 186 187 188 189 199 204 208 211 221 230 231 234 240 245 247 248 252 273 280 285 289 291 298
V3:  4 5 6 8 26 33 38 46 60 61 80 89 100 107 118 130 151 167 186 208 211 221 234 247 248 280 285 291
gap: 0.466072
status: feasible
