obj: 125.000000 time: 0.009813 gap: 1.400000 iter: 17

obj: 124 time: 0.011217
V1:  1 2 4 5 6 7 9 10 11 13 14 16 17 18 19 20 21 22 23 24 25 26 27 28 29 30 31 32 33 34 35 36 37 38 39 40 41 42 44 45 46 47 48 50 51 52 53 54 55 56 57 58 59 60 62 63 64 65 66 69 70 72 74 75 79
V2:  1 2 4 5 6 7 9 10 11 14 16 17 18 19 20 21 22 23 24 25 26 27 28 29 30 31 32 33 34 35 36 37 38 39 40 41 42 44 45 46 47 48 50 51 52 53 54 55 56 57 58 59 60 62 63 64 65 66 69 70 72 74 79
V3:  18 19 21 23 24 32 35 45 47 50 60
gap: 0
status: feasible
