obj: 28.000000 time: 0.064953 gap: 80.906611 iter: 682
obj: 16.000000 time: 0.137574 gap: 65.017273 iter: 781
obj: 13.000000 time: 0.506247 gap: 50.374599 iter: 1951
obj: 12.000000 time: 1.242387 gap: 45.483045 iter: 10038
obj: 11.000000 time: 32.010852 gap: 31.919265 iter: 440090
obj: 10.000000 time: 38.024438 gap: 24.527210 iter: 516678

obj: 10 time: 974.041
V1:  1 6 7 8 11 12 13 22 26 27 28 30 32 37 38 39 46 47 49 50 52 54 58 62 63 64 66 68 71 74 75 77 78 81 83 84 89 96 98 105 107 109 110 111 112 113 117 118 123 125 126 127 129 134 135 136 137 138 141 143 148 150 152 153 157 158 163 164 165 166 167 170 179 190 196 197
V2:  7 13 22 27 28 30 32 38 39 46 50 52 58 63 64 66 68 74 75 77 83 96 98 107 109 110 117 118 123 125 127 129 143 153 163 164 165 166 167 170 196
V3:  13 28 30 50 52 64 66 83 98 107 123 125 129 163 165 166 167
gap: 0
status: feasible
