obj: 56.000000 time: 0.290379 gap: 80.675115 iter: 1854
obj: 49.000000 time: 0.957009 gap: 73.931329 iter: 3211
obj: 36.000000 time: 3.647320 gap: 63.218468 iter: 5210
obj: 34.000000 time: 7.800313 gap: 60.844692 iter: 39114
obj: 33.000000 time: 22.395130 gap: 56.932239 iter: 63306
obj: 31.000000 time: 79.172874 gap: 53.154765 iter: 306129
obj: 28.000000 time: 170.394896 gap: 47.821457 iter: 681110
obj: 27.000000 time: 283.431610 gap: 45.385369 iter: 1282943
obj: 26.000000 time: 1155.216285 gap: 42.375074 iter: 6603355

obj: 26 time: 1200.02
V1:  1 2 5 7 11 13 14 17 18 21 23 27 28 30 31 32 34 35 36 37 42 45 48 57 58 59 62 65 68 69 72 74 76 80 84 88 92 93 99 100 105 109 112 114 115 116 122 123 126 129 138 140 144 147 150 151 154 155 156 158 159 160 165 166 167 169 170 171 172 173 177 178 181 192 197 201 208 211 216 220 221 222 224 230 232 233 243 244 247 248 251 252 258 260 262 265 266 268 270 272 275 277 278 279 280 282 286 287 288 291 295 297 298 299 301 303 305 306 309 310 312 315 317 322 323 326 327 328 330 331 332 334 337 338 339 340 343 348 355 357 360 362 368 373 376 381 382 386 387 388 389 391 392 395 397 400 401 402 403 404 406 413 417 419 420 421 428 429 430 433 435 437 441 442 445 446 448 457 459 461 462 464 467 468 469 474 476 478 479 484 485 494 497 498 500
V2:  1 2 5 7 11 13 17 18 21 30 31 35 42 48 57 62 65 72 80 93 100 109 112 114 116 123 138 147 151 155 156 160 165 166 167 171 172 177 178 181 197 208 216 220 230 243 248 252 265 266 268 270 272 275 277 278 279 280 282 286 287 291 295 299 306 309 310 323 327 328 334 338 340 355 357 376 381 382 387 388 389 392 402 403 428 429 435 437 446 448 457 459 462 467 469 474 479 497 500
V3:  7 11 13 35 62 109 156 165 167 178 181 197 216 220 243 248 252 265 279 282 306 310 327 338 340 355 376 388 392 428 437 446 459 462 467 474 500
gap: 0.423505
status: feasible
