obj: 17.000000 time: 0.022442 gap: 62.500000 iter: 345
obj: 13.000000 time: 0.054783 gap: 46.573427 iter: 433
obj: 12.000000 time: 0.196021 gap: 36.507937 iter: 1069
obj: 10.000000 time: 0.257029 gap: 23.024256 iter: 1514
obj: 9.000000 time: 0.345715 gap: 0.000000 iter: 4437

obj: 9 time: 0.346025
V1:  2 8 9 15 18 23 25 27 29 30 31 33 34 37 39 40 41 42 44 45 49 51 54 55 59 60 69 71 74 75 76
V2:  9 15 18 23 27 29 30 34 37 40 42 44 45 54 59 69 74 76
V3:  9 15 27 29 30 40 42 59 69
gap: 0
status: feasible
