obj: 13.000000 time: 0.008210 gap: 23.076923 iter: 49
obj: 11.000000 time: 0.011052 gap: 9.090909 iter: 50

obj: 11 time: 0.013593
V1:  6 8 9 12 13 14 15 16 17 20 26 30
V2:  6 8 9 12 13 15 17 20 26 30
V3:  6 8 9 12 15 17 30
gap: 0
status: feasible
