obj: 58.000000 time: 0.016775 gap: 10.727969 iter: 84
obj: 55.000000 time: 0.027397 gap: 4.545455 iter: 180
obj: 54.000000 time: 0.033591 gap: 0.000000 iter: 308

obj: 54 time: 0.033803
V1:  2 8 9 11 12 14 15 16 17 21 23 25 31 34 35 37 38 41 42 43 45 46 47 48 51 52 53 56 57 58 59 62 63 65 68 73 76 77 78 80
V2:  2 8 9 11 12 16 17 21 23 25 31 34 35 37 38 41 42 43 45 46 48 52 53 56 58 59 62 63 65 68 73 76 77 80
V3:  2 9 12 16 17 21 23 34 35 38 42 43 46 48 53 56 58 59 73 80
gap: 0
status: feasible
