obj: 29.000000 time: 0.290286 gap: 109.473104 iter: 1705
obj: 22.000000 time: 0.902216 gap: 111.289103 iter: 2395
obj: 15.000000 time: 1.522383 gap: 115.783111 iter: 3085
obj: 10.000000 time: 2.048933 gap: 123.674666 iter: 3085
obj: 7.000000 time: 6.298353 gap: 131.803370 iter: 27722
obj: 6.000000 time: 15.331203 gap: 137.022758 iter: 56609
obj: 5.000000 time: 72.167616 gap: 135.289111 iter: 355402
obj: 4.000000 time: 80.258525 gap: 143.646182 iter: 394291

obj: 4 time: 1199.97
V1:  1 3 4 8 11 13 17 18 20 22 23 25 27 33 34 35 36 38 39 40 41 43 45 49 50 58 62 63 67 68 71 73 75 79 89 90 93 96 99 100 102 103 104 105 107 108 109 115 117 121 124 126 129 131 132 136 137 139 141 142 144 153 154 157 158 159 161 165 167 170 172 178 179 180 181 186 190 191 193 197 203 206 207 210 214 216 218 225 232 235 238 242 246 247 251 252 253 254 256 257 258 259 260 262 263 273 275 276 277 279 281 288 290 292 293 295 297 298 301 302 304 311 315 317 322 323 325 326 337 338 340 343 344 348 351 354 357 358 360 363 366 367 368 369 370 372 375 376 377 379 380 382 383 384 386 388 396
V2:  8 11 23 34 38 39 58 68 73 90 102 103 105 108 109 115 117 129 132 139 153 154 165 167 170 172 180 190 197 203 207 210 246 256 257 259 260 262 263 275 279 281 297 301 315 317 323 337 340 344 351 357 368 370 377 380 382 383 384 388
V3:  8 23 68 90 103 105 108 109 115 117 132 153 170 197 207 210 262 275 279 281 297 301 317 337 340 351 357 377 380 388
gap: 1.27302
status: feasible
