obj: 175.000000 time: 0.043001 gap: 0.571429 iter: 16

obj: 175 time: 0.045023
V1:  1 3 4 5 6 9 12 16 17 18 19 21 23 24 25 26 27 28 31 32 33 35 38 41 42 44 45 46 47 50 51 53 56 58 59 61 63 64 65 67 72 73 74 75 76 77 78 81 85 86 87 88 90 91 94 95 97 98 99 101 103 105 109 111 115 116 118 119 120 121 123 125 126 127 135 138 139 140 141 143 144 146 148 149 150 152 153 156 159 161 163 164 168 171 172 175 180 181 182 183 184 185 187 188 189 191 193 195 198 199 200
V2:  1 3 4 5 6 9 12 17 18 19 21 24 25 26 27 28 31 32 35 38 41 42 44 45 46 47 50 51 53 56 58 59 61 63 64 65 67 72 73 74 75 76 77 78 81 85 86 87 88 90 91 94 95 97 98 99 101 103 105 109 111 115 116 119 120 121 123 125 126 127 135 138 139 140 141 143 144 146 148 149 152 153 156 159 161 163 164 168 171 172 175 180 181 182 183 184 187 188 189 191 193 195 199 200
V3:  3 4 6 17 19 21 25 26 32 35 38 44 46 53 56 59 65 67 74 75 76 77 85 86 87 88 91 94 98 109 111 115 119 127 135 138 140 146 149 156 161 163 171 180 181 182 184 189 195
gap: 0
status: feasible
