obj: 48.000000 time: 0.010809 gap: 2.083333 iter: 23

obj: 48 time: 0.016066
V1:  1 2 3 4 6 7 9 10 11 12 15 16 17 18 19 20 24 26 28 29 31 34 35 39 40 44 45 46 48 49
V2:  1 3 6 7 9 10 11 12 15 16 17 18 19 20 26 28 29 31 34 35 39 40 44 45 46 48 49
V3:  1 3 6 10 12 17 18 31 34 44 45
gap: 0
status: feasible
