obj: 11.000000 time: 0.026593 gap: 46.212121 iter: 277
obj: 8.000000 time: 0.130910 gap: 15.625000 iter: 585

obj: 8 time: 0.155061
V1:  1 4 5 6 10 12 14 16 19 21 23 29 32 34 37 41 45 46 49 55 60 65 68 69 76 79 81 83 84 85 86 88 91 92 93 95 96
V2:  4 5 6 10 12 16 19 21 23 29 37 41 55 68 69 76 79 85 88 91 93 96
V3:  5 16 21 23 37 41 69 76 85 88 93 96
gap: 0
status: feasible
