obj: 7.000000 time: 0.387186 gap: 299.348150 iter: 1658
obj: -6.000000 time: 2.313026 gap: 130.067092 iter: 1969
obj: -7.000000 time: 4.869174 gap: 96.954747 iter: 16464
obj: -8.000000 time: 67.447814 gap: 69.177863 iter: 269405
obj: -9.000000 time: 76.849238 gap: 50.150627 iter: 320856
obj: -10.000000 time: 406.960292 gap: 32.483138 iter: 2079136

obj: -10 time: 1200.36
V1:  3 5 11 13 14 18 23 24 25 28 30 33 36 39 41 45 56 58 70 73 74 79 80 83 87 94 95 101 109 110 114 118 119 124 125 126 127 128 129 131 132 135 140 143 144 148 151 152 155 156 162 164 166 168 174 175 176 188 192 196 197 202 204 207 209 211 215 216 219 221 222 228 234 240 245 246 250 252 253 254 255 256 257 258 261 268 269 270 271 273 274 276 278 279 280 282 284 287 289 290 292 296 299 301 305 306 308 309 313 314 319 321 322 325 330 331 333 334 336 340 344 345 346 347 348 351 355 358 359 362 363 368 369 370 371 376 377 379 382 383 384 386 388 389 391 393 395
V2:  3 5 11 13 18 23 28 33 56 58 70 79 101 109 118 119 125 126 127 131 143 144 151 152 155 156 164 176 188 192 207 209 215 219 221 228 246 252 254 255 268 270 271 279 280 282 284 292 301 306 309 319 322 325 331 340 345 346 347 351 369 370 371 377 379 382 383 384 386 389 393
V3:  5 11 18 56 58 70 101 144 192 207 221 228 255 268 270 279 282 284 306 309 325 340 369 384 393
gap: 0.307439
status: feasible
