obj: 12.000000 time: 0.082167 gap: 99.092409 iter: 564
obj: 9.000000 time: 0.356418 gap: 92.906952 iter: 1220
obj: 7.000000 time: 0.739150 gap: 89.979096 iter: 1738
obj: 5.000000 time: 1.213483 gap: 83.164857 iter: 7113
obj: 4.000000 time: 12.019628 gap: 66.111243 iter: 109382
obj: 3.000000 time: 30.552323 gap: 43.951900 iter: 327264

obj: 3 time: 64.0106
V1:  1 8 11 13 16 19 20 22 25 27 28 30 31 32 34 39 41 43 44 49 50 51 52 54 59 62 63 69 70 76 77 78 82 83 86 92 95 96 98 99 108 114 115 117 119 121 124 127 128 129 135 137 138 143 146 147 148 149 155 156 158 159 165 166 170 176 185 186 187 188 191 192 195 200
V2:  8 13 16 19 22 27 30 32 39 44 50 51 59 62 63 69 70 77 82 83 92 95 114 117 121 124 128 129 135 143 147 148 155 165 166 170 176 187
V3:  19 30 39 50 59 63 70 77 92 114 121 124 147 148 155 166 176
gap: 0
status: feasible
