obj: 19.000000 time: 0.009499 gap: 51.315789 iter: 128
obj: 17.000000 time: 0.053370 gap: 41.176471 iter: 408
obj: 15.000000 time: 0.095964 gap: 30.000000 iter: 1419
obj: 14.000000 time: 0.111412 gap: 25.000000 iter: 2087

obj: 14 time: 1.28738
V1:  3 7 8 9 10 12 14 15 16 18 19 21 25 30 32 35 37 38 39 40 43 49
V2:  8 15 16 18 19 21 25 37 39 40 43
V3:  8 15 16 18 19 25 37 39 43
gap: 0
status: feasible
