obj: 116.000000 time: 0.010321 gap: 1.149425 iter: 18

obj: 115 time: 0.011382
V1:  1 2 4 5 6 7 8 9 10 12 14 15 16 18 19 20 21 22 23 24 26 27 28 29 30 31 32 34 35 36 37 38 39 41 43 45 46 47 48 49 50 51 53 54 55 56 58 62 65 66 67 69 70 72 73 75 77 78 79 80
V2:  1 2 4 5 6 7 8 9 10 12 14 15 16 18 19 20 21 22 23 24 26 27 28 29 30 31 32 34 35 36 37 38 39 41 43 45 46 47 48 49 50 51 53 54 55 56 58 62 65 66 67 69 70 72 73 75 77 78 79 80
V3:  2 4 9 10 12 18 23 28 36 39 43 55 66 67 75
gap: 0
status: feasible
