obj: 30.000000 time: 0.541822 gap: 121.950122 iter: 2457
obj: 22.000000 time: 1.336383 gap: 128.581783 iter: 2905
obj: 11.000000 time: 4.198130 gap: 155.956392 iter: 3852
obj: 8.000000 time: 9.859397 gap: 176.264425 iter: 43155
obj: 7.000000 time: 52.404441 gap: 184.949531 iter: 167701
obj: 6.000000 time: 74.752910 gap: 197.627370 iter: 282524
obj: 5.000000 time: 113.932961 gap: 216.878242 iter: 479660
obj: 4.000000 time: 526.669447 gap: 242.163665 iter: 1972663
obj: 3.000000 time: 567.380746 gap: 288.451768 iter: 2120497
obj: 2.000000 time: 1128.131739 gap: 375.365594 iter: 4336226

obj: 2 time: 1199.96
V1:  1 2 3 6 14 19 25 26 28 29 31 32 34 37 40 49 51 52 53 58 59 62 66 67 70 72 74 75 77 80 86 87 88 90 91 93 94 97 98 99 100 105 111 114 115 116 118 121 123 124 126 127 130 131 132 134 135 138 139 142 146 149 150 156 159 160 161 162 164 166 169 170 173 174 175 180 181 183 184 187 188 190 192 195 197 199 200 203 211 213 215 217 223 225 228 229 231 232 233 234 236 238 240 244 246 249 251 253 258 260 261 262 263 265 271 276 278 280 282 283 284 290 291 292 302 306 307 311 312 315 336 338 344 352 355 364 366 369 375 378 381 382 383 385 386 388 394 397 400 401 402 406 408 410 412 414 415 416 417 421 425 432 436 437 438 439 441 443 445 447 452 454 455 457 464 468 470 471 472 474 475 477 479 483 484 485 487 488 494 497 498
V2:  1 3 14 19 25 26 32 52 53 59 62 66 70 77 86 88 90 91 93 98 114 115 118 121 131 132 138 139 142 146 150 156 162 169 175 180 184 195 197 199 200 211 217 228 231 234 236 238 240 244 246 253 261 262 263 276 278 280 282 283 284 290 291 292 306 312 338 352 364 366 369 375 381 382 388 397 400 402 408 416 421 425 432 445 454 457 464 474 479 483 485
V3:  1 26 52 59 91 98 118 121 131 138 142 150 162 175 180 184 195 228 262 276 278 292 338 400 402 445 457 474 483
gap: 3.74897
status: feasible
