obj: 25.000000 time: 0.277629 gap: 114.103156 iter: 1710
obj: 17.000000 time: 0.834268 gap: 119.558454 iter: 2247
obj: 13.000000 time: 0.955791 gap: 125.504453 iter: 2350
obj: 10.000000 time: 6.917223 gap: 130.176425 iter: 36049
obj: 8.000000 time: 6.945781 gap: 137.720531 iter: 36472
obj: 7.000000 time: 59.162198 gap: 136.548013 iter: 272046
obj: 6.000000 time: 81.160044 gap: 142.040180 iter: 391361
obj: 5.000000 time: 209.533307 gap: 147.771488 iter: 1059865
obj: 4.000000 time: 226.506386 gap: 159.714360 iter: 1170767
obj: 3.000000 time: 438.878813 gap: 175.262950 iter: 2596970

obj: 3 time: 1200.25
V1:  2 8 9 11 12 13 15 16 17 18 19 21 32 33 34 36 38 39 40 41 42 47 49 50 51 53 54 56 57 58 60 61 63 68 75 78 79 80 81 82 92 94 95 99 100 102 104 107 108 110 111 117 119 121 122 123 126 130 133 150 151 152 154 157 158 160 166 168 169 170 171 176 178 179 183 184 185 187 188 190 193 195 200 201 202 203 206 207 210 213 214 216 217 221 222 228 229 230 235 236 245 246 252 253 258 259 260 264 267 269 274 275 277 278 281 282 283 286 288 290 293 297 298 303 309 311 316 321 325 327 329 330 332 334 338 341 343 347 353 359 361 362 366 372 374 378 381 388 389 391 392 400
V2:  13 15 17 18 19 21 32 36 38 40 47 50 51 53 54 57 60 68 78 81 92 94 95 108 117 121 122 126 130 150 151 154 157 160 168 188 193 195 200 201 206 207 210 216 222 228 253 259 260 269 274 275 288 297 298 303 311 325 341 359 362 372 374 378 381 388 391
V3:  19 32 36 38 60 68 78 94 95 108 121 122 130 154 188 193 195 206 228 253 269 274 275 297 298 303 325 359 362 374 378 381
gap: 1.65969
status: feasible
