obj: 238.000000 time: 0.191776 gap: 33.653461 iter: 1191
obj: 211.000000 time: 0.259484 gap: 21.965022 iter: 1649
obj: 197.000000 time: 2.240026 gap: 6.202631 iter: 10076
obj: 195.000000 time: 2.538405 gap: 4.612579 iter: 12093
obj: 194.000000 time: 2.782753 gap: 4.120303 iter: 14456
obj: 193.000000 time: 2.803227 gap: 3.623517 iter: 14677
obj: 191.000000 time: 3.072302 gap: 2.601204 iter: 18305
obj: 190.000000 time: 9.279300 gap: 0.000000 iter: 47679

obj: 190 time: 9.28077
V1:  1 3 4 7 10 11 12 13 14 15 18 22 23 25 27 28 31 32 34 35 36 38 40 41 42 50 52 53 56 59 61 64 66 72 75 78 79 80 82 83 88 89 94 97 101 103 105 106 109 111 117 119 120 121 124 127 131 135 145 146 149 150 152 159 160 161 162 163 166 169 172 175 177 179 181 183 186 191 194 196 201 202 203 205 206 207 210 211 213 214 216 217 221 222 223 224 229 230 231 234 236 237 238 239 240 243 244 245 248 249 250 251 254 255 256 261 264 265 266 269 270 271 274 276 277 278 279 285 290 291 292 293 294 297 302 303 307 309 312 314 317 319 320 321 322 328 330 334 336 337 342 344 345 347 351 357 358 359 367 369 370 371 372 373 374 375 378 383 385 386 388 389 391 396 397 401 404 406 409 410 412 413 418 419 420 422 425 426 427 428 429 436 442 444 447 448 450 452 453 461 463 465 468 469 470 472 474 475 480 481 482 485 486 490 491 498 499
V2:  1 3 4 10 13 14 15 18 22 23 27 28 31 32 34 38 40 41 42 50 52 53 56 59 61 64 66 72 75 78 80 82 88 89 97 103 106 109 111 117 120 121 124 135 145 149 150 152 159 160 162 163 166 183 186 194 201 202 203 205 207 211 213 214 216 217 222 224 229 230 231 234 236 237 238 240 243 244 245 248 249 250 254 255 256 261 264 265 269 270 271 274 276 277 278 279 285 290 293 294 297 302 303 307 309 312 314 317 320 321 328 330 334 336 342 344 347 351 357 369 371 372 373 374 378 385 386 388 389 396 397 401 404 410 412 418 419 422 427 428 429 436 442 444 447 450 453 461 463 465 468 469 472 474 481 486 490 491 498 499
V3:  1 10 13 15 23 27 31 32 34 40 41 42 53 59 64 66 72 75 78 80 82 88 89 97 109 111 117 121 124 135 152 159 160 183 186 194 207 213 214 216 222 229 230 234 244 245 249 254 255 256 261 264 269 270 276 277 278 279 285 297 302 303 309 312 314 317 321 334 336 344 351 357 369 378 385 386 388 397 401 404 410 412 418 427 429 442 444 447 450 463 465 469 472 474 491 498
gap: 0
status: feasible
