obj: 14.000000 time: 0.028925 gap: 64.285714 iter: 259
obj: 9.000000 time: 0.071676 gap: 44.444444 iter: 484
obj: 8.000000 time: 0.167400 gap: 37.500000 iter: 653
obj: 7.000000 time: 0.192989 gap: 28.571429 iter: 1373
obj: 6.000000 time: 0.309217 gap: 16.666667 iter: 3653
obj: 5.000000 time: 0.382823 gap: 0.000000 iter: 6011

obj: 5 time: 0.383078
V1:  3 4 6 7 10 11 21 26 28 29 32 33 35 40 44 45 48 49 50 51 56 65 66 67 70 73 76 77 80 81 86 89 91 95 97 99
V2:  3 6 7 11 21 28 32 33 35 48 49 50 51 56 66 73 86 91 95 97 99
V3:  3 6 7 11 28 32 35 66 73 86 91 99
gap: 0
status: feasible
