obj: 11.000000 time: 0.017249 gap: 30.303030 iter: 159
obj: 10.000000 time: 0.079906 gap: 20.000000 iter: 482
obj: 9.000000 time: 0.087034 gap: 11.111111 iter: 723

obj: 9 time: 0.091385
V1:  2 6 7 8 10 11 13 15 18 19 21 22 26 34 37 40 46 47 48 50 51 54 55 64 65 69 70 71 75 78
V2:  2 8 10 11 13 15 21 26 34 40 48 50 51 64 65 70 75 78
V3:  2 8 10 15 21 34 40 48 51 65 78
gap: 0
status: feasible
