obj: 13.000000 time: 0.006574 gap: 16.483516 iter: 36

obj: 13 time: 0.011139
V1:  5 6 7 10 11 13 16 17 18 19
V2:  5 6 10 11 13 16 17 18
V3:  5 6 11 13 18
gap: 0
status: feasible
