obj: 30.000000 time: 0.007203 gap: 6.666667 iter: 23

obj: 30 time: 0.011217
V1:  1 2 4 5 6 7 9 11 12 13 16 19 21 22 25 26 28 29 30
V2:  1 2 5 7 9 11 12 13 16 21 22 25 26 28 29 30
V3:  12 16 22 28 29 30
gap: 0
status: feasible
