obj: 22.000000 time: 0.481681 gap: 124.737901 iter: 2375
obj: 15.000000 time: 1.155405 gap: 132.748151 iter: 2807
obj: 11.000000 time: 18.778636 gap: 142.215452 iter: 40149
obj: 10.000000 time: 30.432617 gap: 146.140070 iter: 81239
obj: 6.000000 time: 32.447965 gap: 175.513845 iter: 84482
obj: 4.000000 time: 107.858029 gap: 210.491773 iter: 546578
obj: 3.000000 time: 1094.974742 gap: 233.976749 iter: 5144947

obj: 3 time: 1200.19
V1:  2 4 5 6 13 14 17 22 26 29 31 34 39 44 49 51 54 56 57 58 59 61 65 67 71 72 74 76 78 79 81 82 83 86 88 92 98 100 102 106 107 108 111 113 114 116 122 134 139 140 141 142 143 149 150 151 153 155 156 157 158 160 162 167 169 172 176 178 179 181 184 185 189 190 191 193 194 196 199 201 202 203 207 209 212 214 215 216 217 223 224 227 230 232 234 235 236 238 239 242 243 244 245 248 249 250 251 252 253 255 262 265 269 273 275 280 297 300 305 308 311 313 316 318 323 328 329 330 334 342 343 348 349 350 351 352 353 354 355 356 357 358 360 362 367 369 370 371 372 377 382 384 385 386 394 395 399 401 407 408 410 416 418 420 424 426 427 431 443 444 445 448 449 451 452 455 460 463 466 469 472 474 476 481 484 489 490 494 499 500
V2:  4 6 13 17 29 31 39 49 56 57 61 65 71 72 74 76 78 81 82 88 102 106 107 113 114 140 150 153 156 162 172 189 190 193 202 203 214 215 217 230 232 234 235 236 238 242 244 250 253 255 262 273 308 328 330 334 342 349 350 353 358 367 370 372 382 384 385 386 394 395 408 420 424 427 443 451 460 463 466 472 476 481 499
V3:  13 17 29 49 57 61 65 81 114 150 156 162 172 189 190 203 234 235 250 255 273 308 330 334 350 370 372 385 386 394 395 420 424 427 443 460 463 472 476 481
gap: 2.33667
status: feasible
