obj: 66.000000 time: 0.193479 gap: 65.114364 iter: 1740
obj: 55.000000 time: 0.641051 gap: 55.005357 iter: 2932
obj: 50.000000 time: 3.615732 gap: 45.313287 iter: 8847
obj: 47.000000 time: 6.281562 gap: 41.571174 iter: 32470
obj: 41.000000 time: 8.791952 gap: 33.020614 iter: 45116
obj: 39.000000 time: 19.696862 gap: 27.781422 iter: 62264
obj: 38.000000 time: 154.622357 gap: 24.725791 iter: 1010457
obj: 37.000000 time: 407.885583 gap: 22.166811 iter: 2815317
obj: 36.000000 time: 430.107233 gap: 19.914360 iter: 2943040
obj: 35.000000 time: 1125.220328 gap: 16.345613 iter: 6795106
obj: 34.000000 time: 1133.347348 gap: 13.882983 iter: 6818493

obj: 34 time: 1199.84
V1:  2 6 9 10 15 18 19 22 23 25 29 34 35 37 38 39 40 41 46 47 49 54 61 63 66 67 69 70 74 81 83 87 92 95 97 98 99 101 102 103 106 110 111 113 114 115 124 126 131 132 135 137 138 139 142 145 148 152 153 155 156 157 158 159 161 164 165 166 174 175 180 182 183 186 187 189 194 197 199 200 203 204 205 212 213 217 220 225 227 230 233 239 240 241 244 249 250 253 255 259 260 267 269 274 276 279 280 289 292 293 295 297 299 301 303 304 314 318 321 325 327 329 330 331 339 340 341 342 344 347 348 349 354 359 360 364 367 370 372 373 376 377 381 382 384 385 387 388 389 393 394 396 398 399
V2:  2 6 9 10 18 35 37 38 39 40 41 46 49 63 67 69 74 87 95 97 101 113 115 124 126 132 138 142 145 152 153 157 159 164 165 175 182 186 187 194 197 204 212 217 225 227 230 233 240 244 259 260 267 269 276 279 280 289 293 304 314 318 321 327 329 330 339 340 341 342 348 364 367 370 372 373 376 381 385 387 388 393 394 396 399
V3:  9 37 46 49 67 69 97 101 113 115 124 132 138 152 153 157 164 175 186 187 217 230 233 267 269 276 279 280 314 318 327 329 330 341 342 348 372 376 385 394 399
gap: 0.138525
status: feasible
