obj: 108.000000 time: 0.011780 gap: 0.925926 iter: 11

obj: 108 time: 0.012744
V1:  2 4 5 6 7 8 9 10 11 12 13 14 15 16 17 18 19 21 22 23 25 26 27 28 29 30 31 32 33 34 35 36 37 39 42 43 44 46 48 49 50 51 52 54 56 60 61 62 64 65 67 68 69 74 75 76 78 79 80
V2:  2 4 5 6 7 8 9 10 11 12 13 14 15 16 17 18 19 21 23 25 26 27 28 29 30 31 32 33 34 35 36 37 39 42 43 44 46 48 49 50 51 52 54 56 60 61 62 64 65 67 68 69 74 75 76 80
V3:  2 5 8 12 15 17 21 26 35 39 42 43 64 69
gap: 0
status: feasible
