obj: 65.000000 time: 0.326510 gap: 71.222490 iter: 2898
obj: 57.000000 time: 0.808960 gap: 63.000211 iter: 4465
obj: 51.000000 time: 2.729461 gap: 54.826813 iter: 8812
obj: 44.000000 time: 4.761267 gap: 47.416551 iter: 28790
obj: 38.000000 time: 6.885522 gap: 39.113901 iter: 39408
obj: 36.000000 time: 21.940367 gap: 34.326183 iter: 79841
obj: 33.000000 time: 24.588465 gap: 28.119152 iter: 96179
obj: 32.000000 time: 165.559193 gap: 24.535332 iter: 1235559
obj: 31.000000 time: 909.451347 gap: 19.586357 iter: 7712664
obj: 30.000000 time: 1080.870179 gap: 16.629660 iter: 8757729

obj: 30 time: 1200.02
V1:  1 4 5 9 12 17 20 21 22 24 26 29 30 31 32 34 36 37 38 39 40 41 44 47 52 56 58 60 61 63 65 69 74 77 80 82 84 86 87 88 90 91 95 97 98 100 101 102 103 109 114 118 123 124 126 130 131 135 139 140 141 142 144 147 151 160 162 163 164 172 174 175 176 177 190 191 194 195 200 201 203 204 206 208 209 212 213 214 216 218 224 226 230 231 232 234 236 239 244 246 247 248 254 255 257 259 261 268 270 272 274 276 277 279 281 283 286 287 288 293 294 305 306 307 310 312 315 316 317 322 324 331 333 334 335 339 340 342 346 349 350 351 352 362 363 365 366 368 370 375 378 383 384 386 387 388 391 394 400
V2:  1 5 20 22 24 26 29 32 36 37 39 41 44 47 52 60 63 80 84 88 90 91 97 98 109 114 126 135 140 147 151 162 163 164 176 177 194 195 201 204 208 209 214 216 224 231 234 236 239 248 255 257 259 261 270 277 283 287 294 305 306 322 324 331 333 334 340 342 346 352 366 368 370 375 378 386 387 388 391 394
V3:  1 22 29 36 39 41 52 84 90 97 135 140 151 163 164 204 214 224 234 239 248 257 261 294 342 346 352 366 378 386 388 394
gap: 0.164909
status: feasible
