obj: 27.000000 time: 0.544385 gap: 125.411206 iter: 2403
obj: 18.000000 time: 1.427806 gap: 137.501466 iter: 2936
obj: 14.000000 time: 4.394638 gap: 147.201507 iter: 4126
obj: 10.000000 time: 9.953355 gap: 165.355312 iter: 44937
obj: 9.000000 time: 10.007921 gap: 172.617014 iter: 45371
obj: 5.000000 time: 14.359741 gap: 230.683641 iter: 61061
obj: 4.000000 time: 29.402440 gap: 260.932527 iter: 74706
obj: 3.000000 time: 96.407309 gap: 305.067755 iter: 320293
obj: 2.000000 time: 193.933819 gap: 402.623659 iter: 619567
obj: 1.000000 time: 199.998377 gap: 704.983037 iter: 632572

obj: 1 time: 1200.06
V1:  2 6 8 11 12 17 21 22 23 24 26 28 31 34 36 38 41 42 43 44 45 50 52 53 55 56 61 65 66 68 69 70 72 78 81 92 94 97 102 103 105 107 113 118 123 126 129 131 134 136 138 145 152 153 156 158 160 164 165 171 172 176 177 180 181 183 185 192 194 197 199 201 205 206 207 208 211 212 213 218 219 221 223 229 230 231 232 233 234 235 237 239 241 242 243 244 248 249 252 257 258 263 272 273 275 279 280 286 290 292 297 298 301 305 307 308 314 317 320 321 323 325 329 330 331 333 335 336 338 339 340 344 345 350 351 354 360 363 371 374 377 379 382 383 387 390 392 398 400 405 406 409 411 413 416 418 423 425 426 429 433 434 435 436 438 441 443 444 446 450 452 456 461 462 463 467 470 472 474 475 478 479 482 488 490 491 493 498 499 500
V2:  8 11 23 31 38 41 43 45 50 53 61 65 69 70 72 97 103 105 113 118 123 129 145 153 158 160 164 165 171 172 180 185 205 206 207 208 213 218 219 223 233 234 237 239 249 252 258 279 292 297 301 307 314 317 320 323 329 330 331 333 335 336 339 340 360 374 382 387 398 405 406 413 416 418 426 433 438 443 456 463 472 475 478 479 488 490 491
V3:  23 31 43 45 50 61 65 70 105 118 129 158 160 180 213 223 233 234 239 258 292 317 320 323 329 330 335 336 360 418 426 463 478 488
gap: 6.74072
status: feasible
