obj: 23.000000 time: 0.010900 gap: 19.565217 iter: 89
obj: 22.000000 time: 0.015211 gap: 13.636364 iter: 105
obj: 21.000000 time: 0.029652 gap: 4.761905 iter: 291

obj: 21 time: 0.031259
V1:  1 2 3 5 6 7 8 11 12 14 15 16 18 19 20 23 24 25 27 35 41 42
V2:  1 2 3 5 7 8 11 12 14 15 18 19 20 23 24 25 35 41
V3:  1 3 5 8 11 12 14 24 41
gap: 0
status: feasible
