obj: 11.000000 time: 0.074683 gap: 108.997509 iter: 527
obj: 3.000000 time: 0.649625 gap: 121.888151 iter: 971
obj: 2.000000 time: 32.925416 gap: 86.891964 iter: 419037

obj: 2 time: 212.506
V1:  5 6 7 8 10 11 12 13 17 19 21 24 25 29 32 33 34 35 49 51 52 54 55 60 62 63 65 66 74 75 76 78 83 86 87 92 94 96 100 101 102 108 116 117 118 120 123 124 125 126 128 135 137 138 141 142 143 148 156 159 162 167 170 171 172 173 175 179 189 192 195 197 198 199
V2:  6 7 8 12 21 24 29 33 34 35 49 55 62 63 65 66 78 83 86 92 94 101 116 118 123 126 128 135 137 138 142 143 156 162 175 195 199
V3:  6 8 12 29 35 63 66 78 83 92 126 137 138 142 156 175 199
gap: 0
status: feasible
