obj: 187.000000 time: 0.116885 gap: 5.347594 iter: 94
obj: 185.000000 time: 0.125961 gap: 3.351351 iter: 189
obj: 182.000000 time: 0.143493 gap: 1.758242 iter: 302
obj: 181.000000 time: 0.147880 gap: 1.104972 iter: 477

obj: 181 time: 0.161921
V1:  1 2 4 6 9 10 14 15 16 18 22 23 24 26 28 31 36 37 39 41 44 46 49 50 51 52 56 60 62 63 64 66 67 68 71 72 75 83 87 89 94 95 96 99 101 105 106 107 110 112 113 114 115 116 119 121 123 124 126 134 135 137 138 140 141 142 144 145 146 150 151 152 155 159 161 163 164 169 171 172 175 182 184 186 187 189 191 193 196 203 204 205 207 208 215 219 220 221 225 228 230 231 234 235 236 238 239 247 248 250 252 253 254 255 256 257 258 263 265 275 276 277 278 282 284 285 292 293 294 295 296 297 298 301 303 304 305 308 313 314 315 320 321 324 328 329 331 336 337 340 344 348 349 350 351 354 355 357 361 362 363 364 366 367 370 371 373 374 375 376 381 386 387 389 390 393 399
V2:  2 4 6 9 10 14 15 16 18 22 23 24 26 28 31 36 37 39 41 44 46 49 50 51 52 56 60 64 66 67 68 71 72 75 83 89 94 96 99 101 105 106 107 113 115 116 119 121 123 126 134 137 138 140 141 142 144 145 146 151 152 155 159 163 164 169 171 172 175 182 186 191 193 196 204 205 207 208 219 220 221 225 228 231 235 236 238 239 248 250 253 255 257 258 263 265 275 276 277 278 282 292 293 295 298 301 304 305 308 314 320 321 324 328 331 336 344 348 350 351 354 355 361 362 363 364 367 370 371 374 375 386 389 393 399
V3:  2 4 6 9 10 14 15 16 18 22 23 26 28 31 37 41 44 46 50 51 52 56 64 66 67 68 71 75 83 89 94 96 99 105 106 113 115 119 134 140 141 144 145 146 151 155 159 164 171 175 193 207 208 219 220 221 228 236 238 239 248 250 253 257 258 263 265 275 278 293 298 301 304 305 308 321 324 328 331 350 351 354 361 362 364 367 371 375 386 389 393 399
gap: 0
status: feasible
