obj: 13.000000 time: 0.011480 gap: 50.961538 iter: 176
obj: 12.000000 time: 0.033891 gap: 26.183013 iter: 331
obj: 11.000000 time: 0.104452 gap: 10.389610 iter: 1169

obj: 11 time: 0.106552
V1:  7 8 9 12 18 21 22 26 28 30 31 33 34 37 38 42 44 46 48
V2:  7 8 9 12 21 22 28 30 31 33 34 37 42 44
V3:  9 12 21 28 31 33 34 37 42
gap: 0
status: feasible
