obj: 168.000000 time: 0.046820 gap: 0.595238 iter: 30

obj: 168 time: 0.047831
V1:  1 3 4 5 6 7 10 11 13 14 15 16 17 19 23 24 26 27 33 35 36 37 40 41 44 45 46 47 48 53 55 56 58 59 62 63 66 68 70 71 73 74 76 77 79 81 82 84 86 88 89 90 92 94 96 99 101 103 104 105 107 108 111 113 116 118 121 122 124 125 128 130 133 136 138 141 142 145 149 150 152 154 155 158 159 160 161 164 165 166 170 171 172 177 179 180 181 183 184 185 186 189 192 193 195 196 197 198 200
V2:  1 3 4 5 6 7 10 11 13 14 15 16 17 19 23 24 26 27 33 35 36 37 40 41 44 45 46 47 48 53 56 58 59 62 63 66 68 70 71 73 74 76 77 79 81 82 84 86 88 90 92 94 99 103 104 107 108 111 113 116 118 121 122 124 125 130 133 136 138 141 142 145 149 150 155 158 159 160 161 164 165 166 170 171 172 177 179 180 181 183 186 189 193 195 196 197 200
V3:  1 3 5 6 7 13 15 16 17 23 35 36 37 40 44 45 46 47 53 56 58 59 66 68 70 71 73 84 88 92 99 103 104 107 111 116 118 121 122 124 125 136 141 158 159 160 171 177 181 183 193 195 197
gap: 0
status: feasible
