obj: 27.000000 time: 0.015278 gap: 38.888889 iter: 249
obj: 22.000000 time: 0.024206 gap: 20.833333 iter: 330
obj: 21.000000 time: 0.056791 gap: 9.523810 iter: 555

obj: 21 time: 0.186275
V1:  1 2 6 9 12 17 20 22 25 27 29 35 37 38 39 40 41 42 44 49 51 52 55 57 60 61 62 63 66 67 73 74 76
V2:  6 9 12 20 25 27 35 38 39 40 41 42 51 55 57 61 62 66 73 74
V3:  12 20 27 38 39 40 41 42 51 55 57 61 62 66 73
gap: 0
status: feasible
