obj: 58.000000 time: 0.023389 gap: 8.577586 iter: 78
obj: 55.000000 time: 0.026476 gap: 2.727273 iter: 91

obj: 55 time: 0.031081
V1:  2 3 4 6 8 10 14 15 16 18 19 21 22 23 26 27 29 30 35 37 45 46 47 49 52 57 60 61 62 63 64 66 67 68 69 70 76 77 78 80
V2:  3 4 6 8 10 14 16 18 19 21 22 26 27 29 30 35 37 45 46 47 49 52 57 60 61 62 63 64 66 67 68 69 70 76 77 78
V3:  3 4 8 14 21 22 26 27 29 37 46 52 61 62 63 64 70 77 78
gap: 0
status: feasible
