obj: 193.000000 time: 0.067247 gap: 1.036269 iter: 32
obj: 192.000000 time: 0.076148 gap: 0.520833 iter: 73

obj: 192 time: 0.076772
V1:  1 4 5 6 7 8 12 14 15 18 19 20 21 22 23 24 25 27 28 29 30 31 32 36 37 38 39 40 41 43 44 48 49 50 51 53 55 57 58 60 62 65 66 69 70 71 72 74 81 85 86 87 89 92 95 97 98 99 102 104 110 115 116 121 123 124 130 132 135 136 137 140 141 142 143 148 150 152 154 155 158 160 162 163 164 166 167 168 169 174 176 177 178 179 185 189 190 194 198 200 201 202 203 205 210 211 217 218 219 220 223 224 227 230 235 237 239 240 243 244 248 249 253 254 255 258 260 262 266 269 271 272 277 278 282 283 284 285 288 291 292 296 298 299
V2:  1 4 5 6 7 8 12 15 18 19 20 21 23 24 25 27 28 29 30 31 32 36 37 38 39 40 44 48 49 51 53 55 57 58 62 65 69 70 71 72 74 81 85 86 87 89 92 95 97 98 99 102 104 115 116 121 124 130 132 135 136 137 142 143 148 150 152 154 155 158 162 163 164 166 167 168 174 178 179 185 189 190 194 198 200 201 202 203 205 210 211 217 218 219 223 224 227 230 235 239 240 243 244 249 253 254 255 258 260 262 266 269 272 277 278 282 283 288 291 292 298 299
V3:  1 4 5 6 7 8 15 18 19 20 21 23 24 25 29 30 31 32 37 38 39 40 48 51 53 58 65 69 71 81 85 87 92 95 97 98 99 102 115 116 130 132 135 136 137 142 143 148 154 163 164 166 167 168 174 178 190 194 198 201 202 203 205 210 223 235 239 243 249 253 254 258 266 269 277 278 282 283 288 291 298 299
gap: 0
status: feasible
