obj: 19.000000 time: 0.006534 gap: 5.263158 iter: 26

obj: 19 time: 0.008822
V1:  2 3 5 9 11 12 13 14 15 16 17 24 25 26 27 29
V2:  2 5 12 13 15 16 17 25 26 27 29
V3:  5 12 13 16 17 29
gap: 0
status: feasible
