obj: 13.000000 time: 0.025482 gap: 75.000000 iter: 309
obj: 11.000000 time: 0.045433 gap: 67.532468 iter: 395
obj: 10.000000 time: 0.192212 gap: 55.018433 iter: 1093
obj: 8.000000 time: 0.205903 gap: 38.692314 iter: 1361
obj: 7.000000 time: 0.331613 gap: 29.572471 iter: 3137
obj: 6.000000 time: 2.625623 gap: 0.000000 iter: 44495

obj: 6 time: 2.6259
V1:  2 5 6 9 11 12 14 16 17 19 21 22 24 33 34 35 39 45 47 53 54 56 57 59 60 61 63 65 69 74 75 79 80 81 82 87 91 96
V2:  2 5 6 9 14 19 21 22 33 34 35 45 54 60 63 75 79 80 81 82 96
V3:  2 6 19 22 45 63 75 80 81
gap: 0
status: feasible
