obj: 135.000000 time: 0.015481 gap: 0.987654 iter: 14

obj: 134 time: 0.016603
V1:  1 2 3 4 5 6 7 8 9 10 12 13 14 16 17 18 19 21 23 24 25 26 27 28 30 33 34 35 38 40 41 42 43 44 45 46 47 49 50 51 52 54 55 57 58 62 65 66 67 70 71 74 75 76 77 78 79 80 82 83 84 85 87 88 91 93 94 95 96 98 99 100
V2:  1 2 3 4 5 6 7 8 9 10 12 13 14 16 17 18 19 21 23 24 25 26 27 28 30 33 34 35 38 40 41 42 43 44 45 46 47 49 50 51 52 54 55 58 62 65 66 67 70 71 74 75 76 77 78 79 80 82 83 84 85 87 88 93 94 95 96 98 99 100
V3:  3 5 6 8 9 13 16 17 18 21 28 30 34 41 47 50 71 74 82 94
gap: 0
status: feasible
