obj: 54.000000 time: 0.092943 gap: 61.259998 iter: 1043
obj: 49.000000 time: 0.541961 gap: 49.063960 iter: 2386
obj: 45.000000 time: 4.243007 gap: 38.889435 iter: 24842
obj: 44.000000 time: 4.303900 gap: 37.500559 iter: 25617
obj: 41.000000 time: 5.282277 gap: 32.918227 iter: 33673
obj: 40.000000 time: 47.213174 gap: 28.215667 iter: 265645
obj: 39.000000 time: 101.492276 gap: 25.811864 iter: 624167
obj: 38.000000 time: 103.771631 gap: 23.842559 iter: 624576
obj: 37.000000 time: 1043.349824 gap: 19.097049 iter: 6449084
obj: 35.000000 time: 1045.146570 gap: 14.471668 iter: 6458488

obj: 35 time: 1199.94
V1:  2 5 9 11 16 17 18 19 20 23 25 26 29 36 40 41 43 47 50 52 55 57 58 61 67 68 71 75 78 81 82 83 84 85 86 87 90 92 99 101 103 104 106 109 112 114 115 116 118 120 121 125 126 128 130 131 132 133 139 144 145 147 150 152 158 160 162 163 164 169 170 171 173 174 179 181 182 185 187 190 192 195 196 199 200 202 205 213 220 226 227 231 232 233 236 237 239 240 242 248 255 259 268 271 273 274 277 278 281 282 285 286 290 292 293 294 296
V2:  2 5 9 16 20 25 26 36 40 41 43 52 55 57 61 67 71 75 78 82 84 85 87 90 99 103 104 106 109 114 116 118 121 126 128 131 132 133 147 150 152 158 160 162 164 170 174 192 195 196 199 200 202 205 213 226 227 231 236 237 240 242 248 255 273 277 281 282 285 286 294 296
V3:  5 9 20 36 41 52 55 57 71 84 90 99 109 114 116 118 128 158 170 174 192 199 200 205 213 226 227 255 285
gap: 0.143599
status: feasible
