obj: 191.000000 time: 0.101412 gap: 6.282723 iter: 159
obj: 188.000000 time: 0.120003 gap: 3.126900 iter: 343
obj: 185.000000 time: 0.135629 gap: 1.281281 iter: 546

obj: 185 time: 0.179958
V1:  1 3 4 5 7 8 9 10 11 12 19 23 25 26 27 29 30 31 33 35 37 38 39 41 43 45 47 52 53 54 56 58 59 62 67 69 70 73 74 78 79 80 82 83 84 85 86 87 88 91 92 95 99 100 101 105 109 110 111 115 119 120 126 134 136 137 139 146 151 154 155 156 159 161 165 167 170 173 174 176 177 179 180 182 187 189 190 194 197 199 201 205 207 208 209 212 215 217 221 222 225 226 231 232 233 234 236 240 242 245 247 248 249 254 257 261 262 263 268 269 271 273 274 280 284 286 290 293 294 299 300 301 302 303 305 311 312 316 318 319 321 323 324 326 327 328 330 331 333 335 336 340 343 347 353 354 357 360 364 369 370 371 372 374 376 377 378 380 384 386 387 388 389 390 393 394 396 399
V2:  1 3 7 9 10 11 12 19 25 26 27 29 30 31 33 35 37 38 39 41 43 45 47 52 53 54 58 59 62 67 69 70 73 74 78 79 80 82 83 84 86 87 88 91 92 95 99 101 105 110 111 115 119 120 126 134 136 139 146 151 154 155 156 159 161 165 167 170 173 174 176 177 179 180 182 187 189 190 194 197 199 201 205 208 209 217 222 225 226 231 232 233 234 236 240 242 245 248 254 257 261 262 263 274 286 294 301 302 303 305 311 312 318 321 326 327 330 331 343 347 353 354 357 360 369 370 371 372 374 376 377 378 384 386 387 388 390 399
V3:  9 11 12 19 25 29 30 33 35 37 39 43 45 47 52 53 54 58 62 69 70 74 79 80 82 83 86 87 88 91 95 99 101 105 110 111 115 120 126 134 136 139 151 155 156 159 170 174 176 179 187 194 197 199 205 208 209 217 222 231 232 233 234 240 242 254 257 262 263 274 286 294 301 302 303 305 311 312 321 326 327 330 331 347 354 369 370 377 384 386 390
gap: 0
status: feasible
