obj: 185.000000 time: 0.097650 gap: 3.513514 iter: 147
obj: 184.000000 time: 0.118244 gap: 0.947773 iter: 351
obj: 183.000000 time: 0.136082 gap: 0.000000 iter: 584

obj: 183 time: 0.136572
V1:  1 2 5 9 11 14 15 16 17 18 19 20 21 23 24 26 27 29 31 33 36 40 41 45 47 51 54 56 57 58 59 61 62 65 70 72 73 74 79 80 82 85 87 88 89 93 94 97 100 103 104 115 118 119 120 121 123 124 126 128 129 130 133 134 136 139 141 142 145 146 147 151 153 154 155 156 161 163 164 166 170 173 175 177 182 184 186 187 194 195 197 198 201 202 203 204 206 208 210 211 212 214 215 216 218 222 224 225 226 228 229 230 233 234 235 238 239 240 241 242 244 246 248 249 251 257 259 263 264 265 269 270 271 278 284 285 288 294 298 299 300 302 303 312 315 319 324 329 330 333 334 335 336 337 341 343 344 346 349 350 351 354 355 356 357 365 370 371 373 379 380 383 384 385 391 392 396 397 398 400
V2:  1 2 5 11 15 16 17 18 19 20 21 23 24 26 29 31 33 36 40 41 45 51 54 56 57 59 62 65 70 72 73 74 80 82 85 87 88 89 93 94 100 103 104 118 119 121 123 124 126 128 129 130 133 134 136 139 141 142 145 146 151 154 155 156 161 164 166 170 173 175 177 182 184 187 195 197 198 201 202 203 204 206 210 212 214 216 218 222 225 228 229 230 233 234 235 239 240 241 244 246 249 251 257 259 264 265 270 271 278 285 294 299 300 302 303 312 315 319 329 330 333 335 341 350 351 354 357 365 370 371 373 379 380 384 391 396 397 398
V3:  1 2 5 11 15 19 20 21 23 31 36 40 51 54 56 59 65 72 80 85 87 88 89 93 94 103 119 124 126 129 130 133 134 136 139 141 142 145 146 151 154 155 156 161 164 166 170 177 187 195 197 201 204 206 212 214 216 225 228 233 234 239 251 257 259 264 265 270 285 300 303 315 329 330 333 341 350 351 365 373 379 380 384 391 398
gap: 0
status: feasible
