obj: 32.000000 time: 0.066913 gap: 71.281954 iter: 677
obj: 23.000000 time: 0.571682 gap: 49.963024 iter: 2023
obj: 20.000000 time: 0.608882 gap: 42.457477 iter: 2023
obj: 17.000000 time: 0.846183 gap: 32.301373 iter: 2078
obj: 16.000000 time: 16.962195 gap: 21.919343 iter: 191058
obj: 15.000000 time: 57.948856 gap: 13.310191 iter: 710558

obj: 15 time: 160.011
V1:  1 3 6 10 16 18 19 27 28 29 34 39 40 41 46 49 51 52 53 54 57 59 62 63 65 72 74 76 78 79 83 84 86 94 95 96 97 99 102 103 104 109 111 116 117 124 125 128 129 131 132 134 135 136 137 140 141 144 145 152 155 159 160 161 162 164 165 166 168 172 173 176 180 183 189 190 191 197 199
V2:  1 3 10 18 19 34 40 53 59 62 74 78 83 84 86 94 95 99 116 117 125 128 132 136 137 140 141 145 155 161 162 164 166 168 172 173 176 180 189 197
V3:  1 40 53 94 128 132 140 141 145 161 162 164 168 172 176 189 197
gap: 0
status: feasible
