obj: 64.000000 time: 0.092512 gap: 64.778281 iter: 961
obj: 57.000000 time: 0.436008 gap: 53.316177 iter: 2316
obj: 54.000000 time: 2.114458 gap: 47.081761 iter: 5879
obj: 47.000000 time: 3.113290 gap: 38.861203 iter: 15134
obj: 44.000000 time: 3.332331 gap: 34.692648 iter: 17019
obj: 39.000000 time: 4.854040 gap: 26.319911 iter: 23605
obj: 37.000000 time: 101.409097 gap: 18.361180 iter: 814572
obj: 36.000000 time: 1085.025417 gap: 13.819790 iter: 7804241

obj: 36 time: 1200.16
V1:  2 3 4 6 8 13 15 19 21 22 26 27 28 31 33 36 37 38 40 43 46 49 51 54 56 58 63 64 65 66 71 77 79 80 84 85 86 87 89 90 91 97 106 109 110 112 113 114 116 126 129 130 131 138 142 143 146 147 149 151 157 162 164 165 169 173 174 176 178 179 181 183 184 185 187 190 192 197 200 201 202 203 205 206 209 214 215 217 220 223 228 230 231 232 233 234 235 237 238 239 246 256 257 259 261 269 275 277 278 279 280 281 282 286 289 291 292 295 297 298 299 300
V2:  3 8 13 15 37 38 43 46 49 54 56 58 65 66 77 80 84 85 87 97 110 126 129 130 138 149 151 157 162 165 178 179 181 183 184 185 187 190 206 209 215 217 220 228 231 235 239 246 259 261 279 280 281 282 289 291 292 295 298 299
V3:  8 13 43 46 56 65 66 77 80 87 126 130 151 157 165 178 179 184 187 209 217 220 235 239 246 259 280 281 282 289 292 295
gap: 0.137595
status: feasible
