obj: 17.000000 time: 0.007638 gap: 11.764706 iter: 20

obj: 15 time: 0.008734
V1:  2 3 4 5 9 11 13 14 15 17
V2:  2 3 4 5 9 11 13 14 15
V3:  2 3 4 5 9 11
gap: 0
status: feasible
