obj: 5.000000 time: 0.421827 gap: 398.195919 iter: 1990
obj: -1.000000 time: 1.268427 gap: 1372.722837 iter: 2479
obj: -7.000000 time: 2.012226 gap: 110.322294 iter: 2512
obj: -9.000000 time: 6.256845 gap: 62.695861 iter: 21749
obj: -11.000000 time: 84.425664 gap: 29.733205 iter: 444845

obj: -11 time: 1200.21
V1:  3 9 11 12 19 22 24 25 28 29 30 36 42 43 44 46 47 50 52 54 59 63 70 72 73 77 78 80 88 90 96 97 103 104 107 112 113 114 115 124 127 129 132 134 135 137 138 139 142 144 148 149 155 156 158 163 166 167 168 169 170 171 182 183 190 191 194 195 196 201 204 209 211 213 218 224 225 231 232 242 244 250 252 253 259 261 266 274 277 278 287 288 297 298 299 303 305 306 307 311 317 324 325 328 336 337 338 339 341 342 351 352 356 359 361 362 363 365 366 368 369 370 371 373 374 375 378 379 380 381 384 389 395 396 398 400
V2:  11 22 25 28 29 30 43 44 46 50 52 54 63 70 72 78 80 88 112 113 127 132 134 137 138 144 149 156 158 169 182 190 191 194 201 211 213 231 232 242 250 252 259 266 288 297 299 303 305 306 311 324 336 337 338 339 341 342 351 362 365 368 369 370 373 375 378 379 384 389 395 398 400
V3:  28 29 46 52 54 72 80 112 113 127 132 137 138 144 156 169 182 191 201 211 231 232 242 250 252 266 297 299 303 305 311 324 336 341 351 362 365 368 369 373 375 384 389 400
gap: 0.267494
status: feasible
