obj: 21.000000 time: 0.007140 gap: 9.523810 iter: 16

obj: 19 time: 0.007837
V1:  1 2 3 10 12 15 17 18 19 21 23 28 29
V2:  1 2 3 10 12 15 17 18 19 21 23 28 29
V3:  2 3 10 12 15 17 18 19 23 28
gap: 0
status: feasible
