obj: 53.000000 time: 0.179099 gap: 74.298443 iter: 1566
obj: 51.000000 time: 0.674584 gap: 69.634972 iter: 2698
obj: 34.000000 time: 3.017849 gap: 50.669408 iter: 7223
obj: 31.000000 time: 20.176468 gap: 43.695840 iter: 100283
obj: 29.000000 time: 68.774694 gap: 38.269900 iter: 359447
obj: 28.000000 time: 112.939343 gap: 35.752653 iter: 628047
obj: 25.000000 time: 129.733532 gap: 28.038090 iter: 634262
obj: 24.000000 time: 364.438837 gap: 23.461914 iter: 1911007

obj: 24 time: 1200.15
V1:  4 5 13 14 19 29 32 33 34 40 41 45 48 52 53 55 57 59 61 62 63 66 69 70 75 77 81 85 86 90 91 92 93 98 99 100 107 108 109 110 111 115 123 125 128 134 136 139 140 141 145 147 149 157 159 160 162 164 165 168 169 170 171 179 181 184 190 199 201 206 207 212 213 214 215 221 222 223 225 226 227 231 232 234 235 236 238 241 242 248 249 250 251 252 256 257 259 261 265 266 268 272 273 274 275 276 277 278 279 280 284 292 294 295 299 300 305 306 310 316 317 321 325 329 330 332 337 339 342 346 348 350 351 352 353 354 359 361 362 363 365 368 371 373 375 379 380 388 390 392 393 395 396 397
V2:  5 13 19 32 48 57 61 66 70 75 77 86 90 93 108 109 110 111 115 128 136 139 141 145 147 159 160 162 164 165 169 171 179 190 199 206 207 213 214 215 222 223 225 227 232 234 238 241 248 249 250 251 252 261 265 268 272 277 280 284 292 294 295 300 306 310 337 339 350 351 354 359 363 365 368 379 388 390 392 393
V3:  5 19 32 57 66 70 75 110 111 136 139 141 145 162 179 190 213 214 222 223 225 227 241 250 265 268 272 277 292 294 339 350 368 379 390 393
gap: 0.207599
status: feasible
