obj: 11.000000 time: 0.019830 gap: 72.727273 iter: 207
obj: 10.000000 time: 0.069587 gap: 58.994298 iter: 550
obj: 8.000000 time: 0.174371 gap: 36.078299 iter: 1009
obj: 7.000000 time: 0.205561 gap: 26.946627 iter: 1009

obj: 7 time: 0.277674
V1:  1 2 13 15 16 21 27 28 29 31 32 35 36 39 40 41 45 48 50 55 58 59 61 70 71 72 73 74 76 77
V2:  1 2 13 21 28 32 35 40 41 48 50 55 58 70 72 73 74
V3:  13 28 32 35 41 50 70 72 73 74
gap: 0
status: feasible
