obj: 43.000000 time: 0.010582 gap: 2.325581 iter: 17

obj: 43 time: 0.012764
V1:  2 3 6 7 9 10 11 13 14 17 18 19 20 21 23 24 26 33 35 36 37 38 43 44 45 46 48
V2:  2 3 6 7 9 10 11 13 14 17 18 19 20 21 23 24 26 33 35 36 37 38 43 45 48
V3:  3 6 9 11 13 17 18 19 20 23 33 36 43 45
gap: 0
status: feasible
