obj: 61.000000 time: 0.320974 gap: 83.557603 iter: 2256
obj: 52.000000 time: 0.948772 gap: 77.977335 iter: 3206
obj: 49.000000 time: 5.409816 gap: 72.903667 iter: 8036
obj: 41.000000 time: 11.083957 gap: 67.170399 iter: 41474
obj: 38.000000 time: 14.857092 gap: 64.578589 iter: 50244
obj: 37.000000 time: 31.948729 gap: 62.817425 iter: 64728
obj: 35.000000 time: 45.381926 gap: 60.484474 iter: 106028
obj: 34.000000 time: 173.264954 gap: 58.460246 iter: 697365
obj: 29.000000 time: 203.440854 gap: 51.292013 iter: 721809
obj: 28.000000 time: 1051.205195 gap: 46.937616 iter: 4374659
obj: 26.000000 time: 1096.494827 gap: 42.757758 iter: 4524442

obj: 26 time: 1200.18
V1:  3 5 7 14 15 17 22 23 24 25 28 31 38 43 45 48 49 51 54 56 61 64 65 66 68 69 72 74 76 77 78 79 80 81 86 88 93 95 96 100 102 104 105 108 111 114 120 122 123 124 127 129 130 131 133 134 139 142 144 147 149 151 152 153 154 157 163 165 166 168 169 171 172 173 174 177 178 180 182 183 188 193 194 196 197 198 199 202 204 205 206 211 215 216 218 221 223 228 235 244 247 248 249 250 253 254 255 256 261 265 270 271 273 274 275 276 280 286 287 289 290 291 296 297 300 303 304 306 309 312 314 315 318 319 321 326 327 328 329 333 335 342 343 345 348 354 356 359 360 367 369 372 377 386 388 389 390 392 394 402 405 408 411 416 418 419 420 422 425 429 432 433 434 437 438 441 443 447 450 451 452 456 461 467 468 472 476 478 479 480 482 483 488 489 493 494 495
V2:  14 15 17 23 28 31 49 51 54 56 68 72 77 79 81 86 95 100 104 105 108 111 123 124 130 131 134 139 142 147 149 151 152 153 157 165 169 172 173 177 178 193 197 205 216 228 235 247 248 250 270 273 276 280 287 289 290 296 303 309 312 314 315 319 328 335 342 343 356 359 360 377 386 389 392 394 405 411 416 418 419 420 422 425 432 437 441 447 450 451 461 468 478 479 480 494
V3:  17 31 72 100 104 111 123 130 142 149 169 172 177 178 235 247 248 270 287 290 296 303 312 315 328 335 343 394 405 422 437 451 478 479 480 494
gap: 0.426323
status: feasible
