obj: 60.000000 time: 0.163576 gap: 68.275027 iter: 1511
obj: 55.000000 time: 0.605785 gap: 61.989446 iter: 2585
obj: 49.000000 time: 3.186108 gap: 52.768316 iter: 7780
obj: 46.000000 time: 6.058447 gap: 49.643908 iter: 32039
obj: 43.000000 time: 6.072042 gap: 46.130693 iter: 32091
obj: 38.000000 time: 7.848022 gap: 39.042626 iter: 39180
obj: 37.000000 time: 16.741626 gap: 36.320359 iter: 50424
obj: 35.000000 time: 55.658646 gap: 31.709245 iter: 357544
obj: 34.000000 time: 74.332996 gap: 29.486866 iter: 533038
obj: 32.000000 time: 123.438420 gap: 24.877423 iter: 806015
obj: 30.000000 time: 875.688344 gap: 17.795075 iter: 5480888
obj: 29.000000 time: 1191.179433 gap: 14.541579 iter: 6993995

obj: 29 time: 1200.06
V1:  2 5 7 11 13 15 16 19 21 22 32 35 37 39 42 43 47 49 50 51 53 58 60 61 62 64 65 67 73 75 83 86 87 88 89 92 96 99 100 104 105 108 113 120 129 130 131 135 136 137 141 146 153 155 157 160 161 167 173 175 176 177 179 181 184 185 189 191 192 194 200 205 206 211 212 215 216 217 218 221 222 225 227 229 230 234 235 237 238 239 241 242 243 245 246 248 252 254 257 261 262 263 268 270 272 274 276 277 278 280 283 285 286 290 291 292 294 296 298 300 301 309 312 313 316 319 322 329 330 331 333 335 336 339 342 343 346 347 350 351 353 354 355 358 361 362 366 368 369 370 372 377 378 388 394 395 396 397
V2:  2 7 15 22 32 35 37 39 42 43 47 49 50 51 60 62 67 73 75 86 87 88 92 104 105 113 153 155 160 167 176 177 179 184 185 189 192 205 206 211 215 217 218 221 222 234 239 241 245 246 248 254 261 270 272 277 285 290 292 294 296 300 301 322 329 333 335 347 351 354 355 361 362 370 378 388 395 396 397
V3:  2 15 32 35 37 43 47 49 60 73 86 88 105 160 177 218 222 234 239 246 254 261 277 290 294 296 301 322 347 354 370 388 396 397
gap: 0.145282
status: feasible
