obj: 45.000000 time: 0.025731 gap: 15.555556 iter: 106
obj: 43.000000 time: 0.048221 gap: 4.505814 iter: 466
obj: 42.000000 time: 0.097856 gap: 0.000000 iter: 1157

obj: 42 time: 0.098056
V1:  2 3 5 6 10 11 12 14 17 18 20 21 22 23 25 29 30 31 34 35 36 42 44 46 47 50 52 53 54 56 67 69 72 73 75 78 80 86 88 93 95 96 97 100
V2:  2 5 11 12 14 17 18 20 21 22 23 29 34 35 42 44 46 47 50 52 53 56 69 72 73 75 78 80 86 88 95 96 97 100
V3:  2 11 12 17 18 20 21 23 35 44 46 52 53 56 69 75 80 86 95 96
gap: 0
status: feasible
