obj: 12.000000 time: 0.228611 gap: 141.049871 iter: 1235
obj: 9.000000 time: 0.860706 gap: 151.196594 iter: 1941
obj: 6.000000 time: 2.085765 gap: 175.223247 iter: 2435
obj: 4.000000 time: 3.123336 gap: 212.005822 iter: 12121
obj: 2.000000 time: 3.514084 gap: 324.011645 iter: 16989
obj: -1.000000 time: 4.646494 gap: 347.995702 iter: 22213

obj: -1 time: 1200.04
V1:  1 2 6 8 10 11 15 16 18 23 25 27 30 34 36 37 42 43 46 47 48 49 52 54 59 60 61 62 69 71 72 74 76 80 85 89 90 99 103 104 105 112 115 116 117 127 130 131 132 133 134 137 139 141 142 143 145 150 158 160 162 166 169 171 174 176 180 181 184 185 193 202 203 204 205 208 209 212 213 215 216 217 219 220 221 222 224 226 227 229 231 233 234 237 238 240 245 251 255 257 258 259 264 265 266 268 273 284 285 286 290 292 296 297 300
V2:  1 10 11 23 27 34 37 43 47 48 54 59 60 61 69 72 74 80 103 104 105 112 117 127 131 132 133 137 139 150 158 160 174 185 203 205 212 213 215 216 221 222 224 226 233 251 265 273 285 286 290 292
V3:  10 27 34 43 47 48 61 74 105 131 205 213 216 224 265 273 285
gap: 2.62674
status: feasible
