obj: 66.000000 time: 0.048387 gap: 53.030303 iter: 648
obj: 50.000000 time: 0.156913 gap: 32.150710 iter: 1370
obj: 49.000000 time: 0.333060 gap: 23.125664 iter: 2821
obj: 48.000000 time: 1.236926 gap: 16.738907 iter: 6969
obj: 46.000000 time: 1.963337 gap: 12.806715 iter: 16785
obj: 45.000000 time: 2.227820 gap: 10.822574 iter: 19433
obj: 44.000000 time: 7.684383 gap: 5.668025 iter: 50690
obj: 43.000000 time: 8.086987 gap: 3.008147 iter: 56329

obj: 43 time: 8.40081
V1:  2 3 4 5 7 8 10 11 13 15 17 20 21 24 26 30 32 34 36 41 42 44 50 57 58 62 63 64 68 70 71 73 77 78 79 80 86 94 99 100 101 104 108 109 110 111 113 116 119 120 122 125 126 127 130 131 132 135 136 138 139 140 141 142 146 147 150 151 153 158 159 161 164 169 173 185 187 189 193 197 198
V2:  2 3 5 7 8 10 11 13 17 20 26 30 32 34 42 44 50 57 58 63 64 70 71 77 80 86 94 99 100 104 108 110 111 113 120 125 126 130 132 135 136 138 139 141 150 158 159 164 173 185 187 189 193 198
V3:  2 8 10 17 20 26 32 63 64 77 86 99 100 104 111 113 120 125 130 141 150 164 173 185 189 193 198
gap: 0
status: feasible
