obj: 29.000000 time: 0.499768 gap: 125.803734 iter: 2093
obj: 17.000000 time: 1.263210 gap: 143.321445 iter: 2563
obj: 11.000000 time: 4.870662 gap: 164.946385 iter: 3860
obj: 7.000000 time: 21.909644 gap: 200.582825 iter: 38723
obj: 6.000000 time: 37.590728 gap: 216.170433 iter: 91690
obj: 5.000000 time: 65.881336 gap: 238.461970 iter: 220547
obj: 3.000000 time: 68.575745 gap: 330.688373 iter: 230894
obj: 2.000000 time: 141.280150 gap: 442.730662 iter: 601733
obj: 1.000000 time: 452.811446 gap: 776.423846 iter: 1825603
obj: 0.000000 time: 1095.677985 gap: 6519926300028.378906 iter: 4250928

obj: 0 time: 1200.06
V1:  6 10 13 15 16 20 22 24 25 31 34 35 36 37 38 42 44 45 46 53 54 57 60 69 73 74 76 77 79 84 86 90 91 92 94 96 98 99 103 106 107 108 109 114 119 125 129 130 131 136 137 138 139 141 146 150 151 152 153 154 155 156 158 160 165 167 169 172 173 179 180 181 187 193 194 196 198 201 202 203 205 207 214 225 227 228 229 231 233 237 241 242 244 248 250 256 257 258 261 266 267 268 271 273 278 281 283 284 285 287 292 293 294 297 301 307 309 310 312 316 319 321 323 324 325 327 328 331 334 336 338 339 345 351 353 355 357 363 364 368 369 370 373 374 375 378 379 388 390 391 396 405 407 413 415 416 418 420 421 423 425 427 428 429 431 434 439 441 445 446 450 455 463 465 469 470 480 481 484 486 487 488 494 496 497
V2:  13 22 36 38 42 45 53 54 76 77 86 92 98 99 103 106 108 119 125 130 131 136 138 139 141 146 151 152 154 165 172 173 181 187 193 198 201 202 203 205 214 227 228 231 233 237 241 256 257 261 271 273 278 281 283 285 307 312 316 324 331 336 338 345 357 363 369 370 374 375 378 379 388 391 396 405 407 415 423 425 427 429 434 446 455 465 480 484 486 487 494 497
V3:  22 36 92 98 99 103 125 146 154 172 173 181 198 202 203 231 237 261 273 281 285 312 324 336 345 363 369 370 374 379 405 415 423 425 455 480 484 486
gap: 6.50863e+10
status: feasible
