obj: 14.000000 time: 0.741583 gap: 145.359124 iter: 3446
obj: 13.000000 time: 1.734104 gap: 144.964178 iter: 3918
obj: 9.000000 time: 8.879868 gap: 162.252460 iter: 28924
obj: 7.000000 time: 11.586640 gap: 179.415070 iter: 34682
obj: 4.000000 time: 166.316567 gap: 233.032854 iter: 535048
obj: 3.000000 time: 491.806523 gap: 274.587439 iter: 2067374
obj: 2.000000 time: 717.362927 gap: 357.474295 iter: 3389046

obj: 2 time: 1200.05
V1:  7 12 18 19 20 22 27 31 33 34 35 36 40 44 49 52 53 58 63 65 66 67 69 70 74 75 81 83 90 91 92 93 95 99 101 103 104 105 108 112 114 115 116 118 119 120 121 123 125 126 127 132 133 135 139 144 145 151 159 160 163 170 172 174 177 178 181 185 188 189 193 198 199 200 201 202 203 207 208 210 214 218 219 222 225 226 231 234 236 241 242 244 247 248 249 251 260 261 267 270 271 272 274 275 276 277 278 279 283 285 288 290 291 295 302 304 308 310 313 314 316 318 322 326 327 328 329 332 335 343 344 347 351 355 357 359 362 368 369 370 371 372 373 378 379 380 381 383 387 389 390 391 393 394 398 405 407 412 413 415 418 419 421 424 425 428 429 430 431 434 435 436 438 439 443 445 448 449 453 455 462 467 475 477 479 489 492 494 495 496 499
V2:  12 20 22 27 34 35 40 44 53 67 74 93 95 99 101 103 104 108 112 114 118 119 120 133 144 145 163 170 198 200 201 202 203 208 218 219 226 236 244 249 251 260 267 270 271 274 276 277 278 279 291 302 308 314 318 322 326 328 332 343 344 357 370 371 373 379 380 387 391 398 405 419 421 424 431 435 436 443 448 467 477 494 496 499
V3:  12 22 35 40 95 101 104 118 119 133 145 203 208 236 249 260 270 271 274 276 277 278 291 314 326 343 344 357 379 391 421 424 443 477 496 499
gap: 3.53458
status: feasible
