obj: 80.000000 time: 0.085989 gap: 70.520833 iter: 896
obj: 49.000000 time: 0.171526 gap: 48.313492 iter: 1136
obj: 40.000000 time: 0.376179 gap: 34.394958 iter: 2241
obj: 38.000000 time: 1.538161 gap: 28.000114 iter: 6875
obj: 37.000000 time: 6.426322 gap: 24.450560 iter: 29123
obj: 36.000000 time: 14.551818 gap: 20.736918 iter: 107897
obj: 35.000000 time: 15.167873 gap: 18.450368 iter: 114575
obj: 34.000000 time: 40.946541 gap: 14.809609 iter: 418801
obj: 33.000000 time: 42.130559 gap: 12.210535 iter: 431020
obj: 32.000000 time: 92.590724 gap: 8.692051 iter: 971606
obj: 31.000000 time: 379.471642 gap: 3.417859 iter: 3744316

obj: 31 time: 383.884
V1:  1 11 12 13 16 17 18 19 20 24 27 31 32 40 46 48 51 55 56 59 63 64 65 68 71 72 75 76 78 81 84 87 90 96 98 101 104 105 107 110 111 115 117 119 123 124 126 129 130 131 132 133 136 137 138 139 142 148 156 158 159 165 166 170 171 172 174 178 180 182 183 184 189 191 193 197 201 206 213 215 220 223 227 231 232 233 236 237 239 240 241 243 244 246 248 249 253 254 258 260 263 264 266 273 275 276 277 278 282 283 293 297 300
V2:  1 11 12 16 17 18 19 27 40 46 48 51 55 56 63 65 68 71 72 78 84 87 90 96 98 101 104 110 111 115 119 124 126 129 130 131 133 136 138 139 142 156 166 172 180 183 184 193 201 206 213 215 220 231 232 236 239 240 241 243 246 248 249 253 258 260 263 273 275 277 293 297 300
V3:  11 12 18 19 40 48 55 72 84 87 119 124 129 131 136 139 142 156 172 184 193 231 236 239 243 248 249 258 275 277 293 297
gap: 0
status: feasible
