obj: 22.000000 time: 0.073362 gap: 79.545455 iter: 676
obj: 18.000000 time: 0.310826 gap: 68.912680 iter: 2047
obj: 13.000000 time: 0.346501 gap: 56.492972 iter: 2170
obj: 10.000000 time: 0.976079 gap: 37.208593 iter: 3944
obj: 9.000000 time: 6.334514 gap: 20.482521 iter: 56395
obj: 8.000000 time: 7.532414 gap: 0.000000 iter: 70652

obj: 8 time: 7.533
V1:  3 6 10 12 14 17 18 20 21 23 25 27 28 33 35 36 37 42 47 48 49 50 51 53 54 56 57 59 60 62 63 64 68 70 72 74 77 78 85 86 89 95 97 105 106 111 114 124 127 132 135 136 140 143 145 146 154 157 158 160 163 164 166 167 177 178 179 180 181 182 184 185 187 190 193 196 197
V2:  3 6 10 14 20 21 25 28 35 47 48 49 50 53 56 57 62 64 68 70 77 86 97 106 132 135 136 140 143 154 163 164 166 167 180 182 190 193 197
V3:  10 20 25 48 49 50 53 57 62 68 77 86 106 154 197
gap: 0
status: feasible
