obj: 25.000000 time: 0.206857 gap: 87.855240 iter: 1673
obj: 21.000000 time: 0.716695 gap: 82.091465 iter: 2720
obj: 17.000000 time: 1.588339 gap: 76.331198 iter: 3692
obj: 16.000000 time: 2.849845 gap: 74.285976 iter: 16462
obj: 11.000000 time: 4.345505 gap: 62.597783 iter: 24393
obj: 10.000000 time: 41.465469 gap: 53.251248 iter: 291642
obj: 9.000000 time: 57.454609 gap: 47.558422 iter: 362573
obj: 8.000000 time: 163.760487 gap: 37.312411 iter: 1200996
obj: 7.000000 time: 663.221695 gap: 21.055529 iter: 5126196

obj: 7 time: 1200.03
V1:  1 2 3 4 9 10 11 14 16 23 25 27 30 32 33 34 36 37 38 42 45 47 48 49 51 52 55 56 58 60 62 63 68 71 73 75 78 79 80 82 83 85 87 90 99 100 101 102 105 115 119 121 123 127 129 130 136 139 140 141 153 155 158 162 163 165 166 168 169 171 173 177 179 181 183 184 186 189 190 191 196 199 200 204 206 207 212 225 226 227 228 230 231 235 245 246 247 253 254 256 257 258 260 261 262 265 270 271 283 286 289 290 295 297 299 300
V2:  10 14 16 23 33 34 37 45 48 49 51 52 55 56 58 71 75 85 87 90 101 102 105 115 119 129 130 136 141 155 158 163 166 169 171 173 179 183 186 189 199 200 207 225 235 246 253 256 262 265 271 286 290
V3:  10 14 37 45 48 58 71 105 119 129 130 136 163 183 186 200 207 246 256 265 271 290
gap: 0.166331
status: feasible
