obj: 189.000000 time: 0.035126 gap: 0.661376 iter: 19

obj: 189 time: 0.035512
V1:  1 2 3 4 5 6 8 10 12 13 14 16 18 19 20 21 22 23 24 26 27 28 33 35 36 37 38 39 40 41 43 45 50 53 54 55 56 57 59 60 64 65 66 67 69 70 72 73 75 78 82 83 84 85 86 87 88 90 91 92 93 95 98 99 104 107 108 109 115 116 117 121 122 124 125 127 128 129 133 136 137 138 139 140 141 143 144 145 146 147 148 152 153 154 156 157 158 159 161 162 163 166 167 168 172 173 177 179 180 181 184 185 189 190 193 195 197 198
V2:  1 2 3 4 5 6 10 12 13 14 16 18 19 21 23 24 26 27 28 33 35 36 38 39 40 41 43 45 50 53 54 55 56 57 59 60 64 65 66 67 69 70 72 73 75 78 82 83 84 85 86 87 88 90 91 92 93 95 99 104 107 108 115 116 117 121 122 124 125 127 128 129 133 136 137 138 139 140 141 143 144 145 146 147 148 152 153 157 158 161 162 163 166 167 172 173 180 181 184 185 189 190 193 197 198
V3:  2 3 4 5 6 13 14 19 23 24 27 28 35 36 41 53 56 57 70 75 82 83 87 90 91 92 95 99 115 116 117 121 122 124 133 136 137 138 139 144 146 148 152 153 158 162 184 189
gap: 0
status: feasible
