obj: 60.000000 time: 0.096903 gap: 62.210884 iter: 1088
obj: 49.000000 time: 0.513016 gap: 47.332567 iter: 2487
obj: 46.000000 time: 1.813237 gap: 42.191314 iter: 5536
obj: 38.000000 time: 2.322013 gap: 29.908181 iter: 10820
obj: 35.000000 time: 2.741819 gap: 23.889463 iter: 15436
obj: 33.000000 time: 96.691077 gap: 13.000045 iter: 631998

obj: 33 time: 1200.19
V1:  8 11 13 15 20 21 22 23 24 30 31 38 41 44 46 47 48 50 52 56 60 62 65 68 72 74 75 76 79 85 94 96 98 100 102 105 106 111 112 113 114 120 121 124 125 126 127 128 130 135 136 137 138 141 142 145 146 150 155 159 165 166 169 171 172 173 178 179 180 182 185 189 194 203 205 206 209 211 213 214 216 217 218 219 221 226 228 229 234 236 237 238 239 243 246 249 255 256 259 260 262 263 266 267 269 272 274 280 283 286 287 293 294 296
V2:  8 15 22 24 31 38 41 44 50 52 56 62 65 74 75 76 79 96 98 100 102 105 106 111 112 113 114 121 124 125 127 128 130 136 137 138 141 150 169 171 172 173 178 179 180 189 194 203 205 211 214 216 217 226 229 234 236 238 239 243 246 262 266 274 280 283 286 287 293 296
V3:  15 31 41 56 62 74 76 98 102 106 111 113 127 136 138 141 150 169 171 178 179 180 194 203 205 214 216 217 226 234 236 238 266 283 287
gap: 0.0895939
status: feasible
