obj: 59.000000 time: 0.192792 gap: 71.000152 iter: 1674
obj: 57.000000 time: 0.709079 gap: 67.606748 iter: 2799
obj: 44.000000 time: 2.590309 gap: 55.193326 iter: 5575
obj: 39.000000 time: 15.863541 gap: 47.615647 iter: 48207
obj: 38.000000 time: 36.274798 gap: 45.753448 iter: 148739
obj: 37.000000 time: 45.486682 gap: 44.186757 iter: 200749
obj: 35.000000 time: 77.675176 gap: 40.712998 iter: 396480
obj: 32.000000 time: 112.069235 gap: 35.052497 iter: 545256
obj: 31.000000 time: 868.105030 gap: 29.390269 iter: 5000496
obj: 30.000000 time: 1055.164259 gap: 26.747274 iter: 6129050
obj: 29.000000 time: 1098.973414 gap: 24.172658 iter: 6330658

obj: 29 time: 1200.14
V1:  1 2 7 8 9 10 11 12 15 17 18 20 24 25 28 32 36 38 40 43 44 45 46 48 51 54 56 62 66 67 69 70 72 74 76 80 84 88 91 97 98 99 103 105 107 108 109 111 112 114 115 119 120 123 124 127 132 133 138 139 140 145 146 148 149 152 154 155 159 170 171 173 176 177 184 187 190 196 203 204 205 207 208 209 211 213 218 220 222 238 240 241 244 246 248 249 252 255 256 261 262 263 266 272 275 283 285 286 291 294 296 299 302 308 310 320 322 325 327 328 330 332 335 337 338 341 342 345 348 350 351 353 356 357 358 360 361 362 366 367 369 370 371 373 376 378 380 381 385 389 390 391 398 399
V2:  1 7 8 9 10 12 17 18 20 24 28 40 44 46 48 51 54 56 62 67 69 70 72 74 76 84 91 98 103 108 111 119 123 132 133 139 145 146 152 159 170 173 176 177 187 196 204 207 209 211 213 238 244 246 249 252 256 261 263 266 286 291 294 296 308 322 325 327 328 330 337 341 350 351 353 358 362 369 371 373 376 378 380 385 391 399
V3:  1 9 17 18 20 24 40 44 51 54 67 84 108 139 146 207 209 211 246 252 266 294 308 327 328 330 337 350 353 358 362 371 376 378 380
gap: 0.241042
status: feasible
