obj: 22.000000 time: 0.054576 gap: 67.575758 iter: 494
obj: 18.000000 time: 0.634804 gap: 54.935663 iter: 1682
obj: 15.000000 time: 1.169386 gap: 45.296546 iter: 7749
obj: 13.000000 time: 1.200604 gap: 36.880630 iter: 8349
obj: 12.000000 time: 9.173696 gap: 26.206482 iter: 75021
obj: 11.000000 time: 66.243086 gap: 14.554213 iter: 861017
obj: 10.000000 time: 83.291187 gap: 0.000000 iter: 1096907

obj: 10 time: 83.2926
V1:  9 10 12 14 17 19 22 24 26 27 28 30 36 42 44 47 51 56 58 62 66 68 70 72 74 77 80 81 84 85 88 89 90 91 92 93 96 97 104 105 106 109 111 114 116 118 119 122 133 137 138 139 142 143 144 148 149 150 152 153 156 158 164 167 173 174 175 177 178 187 190 192 195 197 198 199
V2:  9 10 12 14 22 26 28 30 36 42 47 51 58 62 68 70 74 77 88 89 91 92 93 97 106 118 122 138 148 149 150 174 177 187 190 192 195 199
V3:  12 28 30 42 47 51 58 62 68 77 89 91 92 106 138 148 174 187 192 195
gap: 0
status: feasible
