obj: 3.000000 time: 0.546976 gap: 453.565028 iter: 2274
obj: -1.000000 time: 1.450395 gap: 932.664631 iter: 2784
obj: -4.000000 time: 5.600702 gap: 154.429954 iter: 22168
obj: -5.000000 time: 132.787548 gap: 95.563342 iter: 602509
obj: -6.000000 time: 232.477087 gap: 62.043888 iter: 1119416

obj: -6 time: 1200.16
V1:  5 6 7 13 14 15 17 22 23 24 27 33 35 39 40 42 43 46 50 55 57 59 60 64 69 70 71 72 74 79 80 82 84 87 88 94 96 97 101 109 112 118 119 126 128 129 130 134 138 140 147 149 150 151 152 153 154 156 157 158 159 161 162 164 165 166 168 169 170 171 175 182 183 185 189 191 192 195 198 199 200 204 207 213 219 221 234 237 238 239 243 249 253 254 258 261 262 267 268 270 274 276 277 279 281 282 287 288 289 293 299 300 301 305 306 309 316 321 322 329 334 340 349 351 356 361 362 363 368 369 370 371 374 375 377 378 379 381 382 387 391 394 395 396 400
V2:  6 7 13 14 15 27 40 43 46 50 55 59 60 64 72 74 79 80 82 87 88 97 112 129 130 134 147 151 153 154 158 162 164 165 166 168 169 170 171 182 185 195 199 204 213 234 249 253 258 262 277 281 287 288 289 299 306 309 321 322 329 361 362 363 368 370 374 375 378 379 382 387 394 396 400
V3:  14 27 55 59 74 82 88 112 130 134 153 154 164 166 169 170 182 204 213 249 309 321 329 362 363 368 387 394 396
gap: 0.587943
status: feasible
