obj: 60.000000 time: 0.040201 gap: 10.000000 iter: 79
obj: 59.000000 time: 0.042631 gap: 7.485876 iter: 117
obj: 57.000000 time: 0.044623 gap: 3.508772 iter: 132

obj: 57 time: 0.053879
V1:  3 4 5 9 13 15 16 19 20 22 23 27 28 29 30 33 34 35 36 37 39 42 45 46 49 53 55 57 58 60 63 66 67 68 70 71 72 77 83 84 85 87 88 89 90 92 94 96 99 100
V2:  3 4 5 9 13 15 19 20 22 23 27 28 29 30 33 35 36 37 45 46 49 53 55 57 60 66 67 68 70 71 72 83 84 85 88 89 90 99
V3:  5 9 13 19 20 23 27 28 35 37 60 66 68 71 72 83 84 88 99
gap: 0
status: feasible
