obj: 129.000000 time: 0.014695 gap: 2.325581 iter: 22

obj: 127 time: 0.018217
V1:  1 3 4 5 6 7 8 10 11 14 15 17 18 19 20 22 23 24 26 27 29 30 32 33 35 36 37 38 39 40 41 47 48 49 50 52 53 54 55 56 58 60 61 62 63 64 65 66 68 70 72 74 76 77 78 80 81 83 84 85 86 89 90 91 92 93 94 95 99 100
V2:  1 4 5 6 7 8 10 11 14 15 17 18 19 20 22 23 24 26 27 29 30 32 33 35 36 37 38 39 40 41 47 48 49 50 52 53 54 56 58 60 61 62 63 64 65 66 68 70 72 74 76 77 78 80 83 84 85 86 89 90 91 92 93 94 95 99 100
V3:  6 14 18 19 20 23 24 26 27 37 40 41 52 63 65 70 83 85 89 92
gap: 0
status: feasible
