obj: 185.000000 time: 0.075206 gap: 2.702703 iter: 95
obj: 184.000000 time: 0.124421 gap: 0.000000 iter: 812

obj: 184 time: 0.124812
V1:  1 3 6 7 8 9 10 17 19 22 23 24 25 26 29 30 31 32 33 34 35 37 41 42 44 45 52 54 55 56 58 60 62 63 66 68 69 72 73 74 76 80 81 85 87 89 92 95 101 102 103 104 106 109 111 113 116 117 119 120 122 123 124 125 127 128 130 131 133 134 136 137 139 140 141 142 143 146 147 148 149 153 157 158 159 161 163 164 165 169 175 177 179 180 181 182 186 187 189 190 193 195 197 200 204 205 206 210 212 213 215 216 220 223 228 230 232 234 237 238 239 242 243 244 245 246 256 260 261 265 268 277 278 279 281 283 286 293 294 295 296 297 298
V2:  1 3 6 7 8 9 10 17 19 22 24 25 26 30 32 33 35 41 42 44 45 52 54 55 56 58 62 63 66 68 69 72 73 76 80 81 85 87 89 92 95 101 102 103 104 106 109 113 116 117 120 122 123 125 127 128 131 133 134 136 137 139 140 141 142 143 147 148 149 153 157 158 159 163 164 165 169 175 177 179 180 182 186 187 189 190 193 195 197 204 205 210 212 213 215 216 220 223 228 230 232 234 237 238 239 243 244 245 246 260 261 268 278 279 281 283 293 295 296 297 298
V3:  1 6 7 8 9 17 25 30 32 33 35 41 42 52 56 58 62 63 66 68 69 73 76 80 85 89 92 101 102 106 113 116 117 125 127 128 131 134 136 137 139 140 141 142 147 157 163 165 175 177 180 182 186 187 189 195 197 205 210 212 213 215 216 220 223 228 232 234 237 238 246 260 261 281 293 295 296
gap: 0
status: feasible
