obj: 24.000000 time: 0.015884 gap: 52.083333 iter: 203
obj: 21.000000 time: 0.038615 gap: 36.507937 iter: 358
obj: 20.000000 time: 0.093167 gap: 26.499387 iter: 891
obj: 19.000000 time: 0.279150 gap: 16.488615 iter: 1560
obj: 18.000000 time: 0.313826 gap: 11.395202 iter: 2622
obj: 17.000000 time: 0.523028 gap: 0.000000 iter: 9351

obj: 17 time: 0.523325
V1:  1 3 4 6 8 9 10 13 15 17 20 22 30 36 41 42 43 47 48 50 51 52 54 61 64 65 71 73 74 76 77 79 80
V2:  3 4 9 13 15 17 22 36 42 43 50 51 52 54 64 65 71 73 74 76
V3:  3 13 15 17 36 42 51 64 71 74 76
gap: 0
status: feasible
