obj: 172.000000 time: 0.034916 gap: 0.581395 iter: 29

obj: 172 time: 0.035901
V1:  3 4 6 7 8 9 10 11 12 13 14 15 16 17 19 21 22 28 29 30 31 32 33 34 35 40 41 42 45 46 47 49 52 53 57 58 59 60 61 62 63 67 69 72 74 75 76 77 79 80 81 82 84 90 91 92 93 95 98 101 105 106 108 109 110 117 119 120 124 126 127 128 130 131 132 135 137 138 140 141 144 145 146 147 148 152 155 156 159 161 164 165 167 168 169 171 172 173 177 180 183 184 185 189 190 191 194 197 198 199 200
V2:  3 4 6 7 9 10 11 12 13 14 15 16 17 19 21 22 28 29 30 31 32 33 34 35 41 42 45 46 47 49 52 53 57 58 59 60 61 63 67 69 72 74 75 76 77 79 80 81 84 90 92 93 95 101 105 106 108 109 110 117 119 120 124 126 127 128 130 131 132 137 138 140 141 144 145 146 147 152 155 156 159 161 164 165 167 168 169 171 172 177 180 183 185 190 191 194 197 198 200
V3:  3 4 9 13 14 16 17 19 22 28 29 30 32 33 34 35 42 46 47 49 53 59 60 61 63 67 75 76 81 84 92 93 95 101 110 117 126 130 131 132 137 141 146 147 159 167 172 177 183 185 194
gap: 0
status: feasible
