obj: 16.000000 time: 0.007230 gap: 37.500000 iter: 73
obj: 13.000000 time: 0.016985 gap: 15.384615 iter: 142

obj: 13 time: 0.027605
V1:  2 3 5 10 11 15 16 17 18 20 21 23 24
V2:  2 3 10 11 15 18 20 23 24
V3:  2 3 10 11 15 18 23 24
gap: 0
status: feasible
