obj: 14.000000 time: 0.034328 gap: 75.000000 iter: 340
obj: 9.000000 time: 0.149094 gap: 50.315768 iter: 783
obj: 8.000000 time: 0.344413 gap: 40.462349 iter: 1302
obj: 7.000000 time: 0.392914 gap: 31.572178 iter: 2378

obj: 7 time: 3.49815
V1:  2 3 5 6 7 8 9 11 18 24 31 34 35 36 37 42 44 47 48 49 50 52 56 57 66 67 70 72 73 75 80 83 84 87 90 93 94 96 98
V2:  9 18 24 31 34 35 37 44 47 48 49 52 56 57 66 70 83 84 93 94 96 98
V3:  9 24 34 35 52 84 96
gap: 0
status: feasible
