obj: 60.000000 time: 0.184129 gap: 74.590829 iter: 1597
obj: 59.000000 time: 0.612552 gap: 70.182032 iter: 2990
obj: 38.000000 time: 2.798979 gap: 49.535453 iter: 6901
obj: 37.000000 time: 4.948734 gap: 47.923839 iter: 24479
obj: 35.000000 time: 17.024700 gap: 42.633161 iter: 47148
obj: 33.000000 time: 37.601973 gap: 38.566280 iter: 149294
obj: 30.000000 time: 114.053482 gap: 31.446218 iter: 541722
obj: 29.000000 time: 586.473630 gap: 27.098094 iter: 3349710
obj: 28.000000 time: 1086.591455 gap: 23.756485 iter: 6208236
obj: 27.000000 time: 1132.416520 gap: 20.915609 iter: 6297552

obj: 27 time: 1199.41
V1:  1 2 3 5 8 17 22 23 25 27 28 30 33 34 36 40 42 43 44 45 49 50 51 52 54 57 58 59 62 64 66 69 72 75 77 79 81 82 83 84 85 87 88 91 95 97 98 99 102 104 105 108 110 117 121 124 125 128 135 137 141 143 144 145 149 151 152 156 161 162 165 169 173 175 178 180 185 188 200 201 202 203 204 206 208 211 212 214 218 219 221 222 223 225 232 233 235 236 241 246 254 255 256 259 261 262 263 265 267 268 269 277 280 291 294 295 299 301 304 311 321 323 324 325 326 328 331 333 337 339 342 343 346 355 356 357 359 360 363 368 369 374 375 377 380 382 387 389 391 392 393 395 400
V2:  1 2 5 8 17 22 25 28 30 34 36 40 42 43 44 49 50 51 52 54 57 58 59 66 69 72 75 79 82 83 84 85 88 95 99 102 104 108 117 124 125 144 151 152 162 169 175 178 180 185 188 202 208 212 214 222 223 232 235 236 246 254 255 261 262 263 265 268 269 277 280 291 295 301 304 311 323 324 325 326 331 337 356 368 375 377 380 389 393 395 400
V3:  1 2 5 8 22 30 50 54 69 82 83 104 144 152 162 180 202 212 214 246 255 261 265 291 304 311 331 375 393 395
gap: 0.208651
status: feasible
