obj: 4.000000 time: 0.670413 gap: 563.413728 iter: 2238
obj: -7.000000 time: 1.924334 gap: 163.627004 iter: 2542
obj: -9.000000 time: 9.552842 gap: 104.301981 iter: 36436
obj: -12.000000 time: 13.434552 gap: 53.226486 iter: 47798
obj: -13.000000 time: 167.215039 gap: 40.075608 iter: 471257
obj: -14.000000 time: 172.984279 gap: 30.046096 iter: 476205
obj: -15.000000 time: 492.711141 gap: 21.049113 iter: 1486641

obj: -15 time: 1200.13
V1:  1 16 23 25 27 30 37 39 42 45 47 50 52 59 63 66 70 71 73 74 77 78 80 84 87 90 96 97 99 100 101 103 109 114 116 119 123 124 125 126 129 130 133 134 135 137 139 153 154 156 158 159 160 161 164 166 167 170 172 173 175 180 186 194 198 199 201 202 205 206 208 209 214 219 224 226 227 229 230 234 237 243 244 251 257 259 261 265 270 271 275 281 283 287 288 289 294 295 296 298 307 308 311 312 314 318 323 325 327 329 330 334 336 337 338 339 341 342 346 355 356 357 358 360 361 365 369 370 371 379 384 387 388 389 390 391 400 403 407 409 411 412 413 419 420 422 425 431 434 438 449 451 454 456 457 458 460 467 468 470 472 475 483 485 493 496 499
V2:  1 23 25 27 37 39 45 50 52 73 77 78 84 96 97 99 101 109 116 119 125 126 129 133 137 139 154 159 160 164 170 172 173 175 186 194 199 205 206 214 219 224 226 227 229 234 243 244 251 257 259 261 265 270 275 283 287 289 295 307 308 314 325 327 334 336 337 338 339 341 342 355 357 358 361 365 371 379 387 388 389 390 403 407 409 411 412 420 422 431 449 456 457 458 460 468 470 483 485 496
V3:  1 25 45 52 73 77 78 125 129 154 160 164 170 172 173 175 186 194 199 206 224 226 234 243 244 257 259 261 265 270 275 283 289 295 308 325 336 339 341 358 365 379 387 390 407 409 411 420 431 449 485
gap: 0.205035
status: feasible
