obj: 65.000000 time: 0.338756 gap: 78.399072 iter: 2702
obj: 50.000000 time: 0.972573 gap: 68.489897 iter: 3998
obj: 44.000000 time: 4.892989 gap: 61.608245 iter: 9623
obj: 38.000000 time: 25.643240 gap: 54.275954 iter: 54992
obj: 37.000000 time: 62.583372 gap: 52.565857 iter: 258361
obj: 36.000000 time: 122.699288 gap: 51.002679 iter: 710193
obj: 34.000000 time: 171.176227 gap: 47.965170 iter: 1086894
obj: 30.000000 time: 204.462230 gap: 40.991639 iter: 1201931
obj: 29.000000 time: 644.465694 gap: 38.317594 iter: 3724670
obj: 28.000000 time: 697.308657 gap: 35.893191 iter: 3992580
obj: 27.000000 time: 710.292156 gap: 33.439848 iter: 4056135
obj: 26.000000 time: 929.371494 gap: 30.417815 iter: 5151921

obj: 26 time: 1200.06
V1:  1 2 3 6 7 13 15 19 24 25 26 28 31 33 41 42 44 47 48 50 53 54 55 58 61 64 66 71 75 81 82 84 86 88 89 90 93 97 99 101 102 105 109 111 112 113 114 122 127 130 131 132 133 134 144 148 153 155 156 159 163 165 171 173 174 175 177 178 181 184 185 188 191 195 196 200 202 205 210 214 215 217 221 225 227 228 230 232 235 237 239 242 244 245 250 251 253 258 259 261 264 265 269 273 274 277 278 280 285 287 289 291 292 299 300 301 302 304 308 312 314 315 317 320 323 324 325 326 327 333 335 339 341 343 344 345 346 347 348 350 354 356 357 359 360 361 370 373 376 377 378 379 380 381 383 385 386 387 389 392 393 394 399 400 401 402 405 408 418 419 420 421 424 425 426 427 432 434 440 445 446 448 451 456 457 458 461 462 465 466 470 472 478 481 482 489 491 494 496
V2:  1 2 3 6 15 25 26 28 33 48 50 53 55 75 86 93 97 101 105 109 111 113 114 130 132 153 163 165 171 174 175 177 185 191 195 196 214 215 221 227 228 232 235 244 250 251 253 259 265 269 273 277 285 287 289 291 292 299 308 315 323 324 333 341 348 350 354 356 357 359 360 376 377 379 380 383 385 386 387 389 394 399 401 402 419 426 434 440 445 448 451 458 461 462 478 481 496
V3:  1 25 48 55 86 93 97 101 111 113 153 165 171 214 227 232 250 277 291 323 333 354 359 376 383 385 401 434 440 445 478
gap: 0.30185
status: feasible
