obj: 19.000000 time: 0.018182 gap: 60.150376 iter: 221
obj: 17.000000 time: 0.055117 gap: 50.980392 iter: 425
obj: 16.000000 time: 0.368507 gap: 35.685241 iter: 1686
obj: 14.000000 time: 0.435091 gap: 25.660136 iter: 3368
obj: 13.000000 time: 0.523198 gap: 19.396765 iter: 5746
obj: 12.000000 time: 0.646703 gap: 10.675883 iter: 9957

obj: 12 time: 0.680271
V1:  1 5 7 8 10 11 14 16 19 24 32 34 35 39 41 42 43 44 46 47 48 49 52 55 56 59 61 66 68 69 70 73
V2:  1 7 11 14 16 19 24 32 35 39 42 43 47 48 56 61 66 69 73
V3:  1 7 24 32 39 42 56 66 69
gap: 0
status: feasible
