obj: 13.000000 time: 0.027903 gap: 69.230769 iter: 281
obj: 9.000000 time: 0.080403 gap: 44.444444 iter: 672
obj: 8.000000 time: 0.137847 gap: 35.690719 iter: 1310

obj: 6 time: 0.250787
V1:  1 3 4 5 6 7 10 11 16 21 30 31 35 36 37 39 41 50 51 52 56 58 63 72 73 76 78 79 81 84 85 87 88 89 93 95 99 100
V2:  3 4 6 11 16 21 30 31 35 37 51 56 58 63 72 76 79 84 87 89 95 100
V3:  3 6 21 30 35 51 56 72
gap: 0
status: feasible
