obj: 26.000000 time: 0.011286 gap: 17.307692 iter: 62
obj: 24.000000 time: 0.013800 gap: 8.333333 iter: 89

obj: 24 time: 0.02167
V1:  4 5 7 8 10 12 13 19 20 22 27 28 29 31 33 35 40 41 43 46 48 49
V2:  4 7 8 10 12 19 22 27 28 29 31 41 43 46 48 49
V3:  4 7 8 10 12 22 27 28 29 31 43 46 48 49
gap: 0
status: feasible
