obj: 27.000000 time: 0.015609 gap: 41.358025 iter: 213
obj: 26.000000 time: 0.046821 gap: 32.148968 iter: 369
obj: 24.000000 time: 0.157238 gap: 19.587100 iter: 1154
obj: 22.000000 time: 0.166147 gap: 12.013207 iter: 1200
obj: 21.000000 time: 0.368303 gap: 4.775641 iter: 3025

obj: 21 time: 0.370384
V1:  1 2 3 5 9 19 20 22 24 27 36 39 40 42 45 46 48 49 50 51 52 55 56 61 65 68 70 71 74 75 76 77 79
V2:  2 3 5 9 19 20 22 24 40 42 45 50 51 52 56 61 68 71 74 75 79
V3:  2 9 20 22 24 40 42 45 56 61 68 71 74 75
gap: 0
status: feasible
