obj: 127.000000 time: 0.015803 gap: 0.787402 iter: 27

obj: 126 time: 0.016754
V1:  2 3 4 5 7 8 9 11 12 13 14 15 17 18 19 20 21 22 23 24 25 26 27 30 31 33 34 35 38 39 40 41 42 43 44 45 46 48 50 52 53 55 56 57 58 59 60 61 63 65 67 70 71 73 74 75 80 81 82 83 84 88 89 90 92 93 95 96 98
V2:  2 3 4 5 7 8 9 11 12 13 14 15 17 18 19 21 22 23 24 25 26 27 30 31 33 34 35 38 39 40 41 42 43 44 45 46 48 50 52 53 55 56 57 58 59 60 61 63 65 67 70 71 73 74 75 80 81 82 83 84 88 89 90 92 93 96 98
V3:  3 5 8 9 12 14 21 22 25 27 30 31 35 38 39 40 60 67 70 81 84
gap: 0
status: feasible
