obj: 47.000000 time: 0.301415 gap: 78.100863 iter: 2308
obj: 45.000000 time: 0.858275 gap: 73.301163 iter: 3426
obj: 39.000000 time: 7.107623 gap: 63.068621 iter: 12608
obj: 38.000000 time: 13.759628 gap: 61.965625 iter: 60579
obj: 37.000000 time: 13.822058 gap: 60.937669 iter: 61130
obj: 31.000000 time: 17.589927 gap: 53.336131 iter: 81737
obj: 29.000000 time: 33.745019 gap: 49.716658 iter: 99044
obj: 26.000000 time: 220.320272 gap: 42.767331 iter: 812217
obj: 25.000000 time: 1165.310005 gap: 38.868208 iter: 4741412

obj: 25 time: 1199.69
V1:  4 5 7 8 11 12 14 15 18 21 23 26 30 34 37 42 44 45 46 50 52 54 71 74 75 76 79 82 84 86 87 88 91 94 97 99 101 105 107 110 112 118 120 128 134 135 137 138 139 141 146 148 149 151 152 157 158 166 168 169 174 178 179 184 186 188 189 191 192 196 197 201 205 206 209 210 212 213 218 220 221 222 225 226 228 229 233 236 237 239 240 242 243 247 248 249 251 253 258 263 265 266 270 271 273 275 279 283 284 285 286 289 293 294 296 297 298 301 303 304 305 306 310 311 314 315 316 317 318 321 326 328 333 334 341 342 344 348 349 350 351 352 353 354 355 356 357 358 360 361 363 364 365 366 371 376 378 387 388 389 391 394 397 398 400 401 402 405 406 414 415 420 422 425 430 431 433 435 438 441 445 446 447 450 459 460 461 463 467 469 470 471 473 477 485 488 490 496 500
V2:  7 8 12 18 23 26 30 34 44 46 54 76 79 99 101 120 138 139 146 149 151 152 157 166 168 169 178 179 184 186 189 192 201 206 213 220 221 236 237 239 240 243 247 248 253 258 265 273 279 283 284 286 296 301 303 315 317 318 333 342 349 354 355 357 358 360 365 371 376 397 400 401 402 405 406 425 431 435 438 447 459 461 467 469 471 473 485 488 490 500
V3:  7 23 30 44 54 101 138 139 146 149 152 166 179 184 206 213 221 258 279 283 284 296 303 318 354 358 401 402 406 425 438 461 467 469 471 490 500
gap: 0.388397
status: feasible
