obj: 55.000000 time: 0.017378 gap: 6.363636 iter: 38
obj: 54.000000 time: 0.020799 gap: 3.703704 iter: 80

obj: 54 time: 0.03095
V1:  3 5 7 8 10 11 14 17 20 21 22 23 24 25 28 32 33 34 35 36 38 39 46 47 49 50 53 54 55 56 57 59 61 62 63 66 67 70 78 80
V2:  3 5 7 8 10 11 14 17 20 21 22 23 25 28 32 33 34 35 36 38 39 46 47 50 53 55 56 59 61 62 63 70 80
V3:  3 5 11 14 17 20 21 23 32 34 35 36 39 46 47 53 55 61 62 63 80
gap: 0
status: feasible
