obj: 52.000000 time: 0.029142 gap: 13.461538 iter: 81
obj: 49.000000 time: 0.031803 gap: 6.462585 iter: 142

obj: 49 time: 0.061927
V1:  2 3 4 7 9 16 20 22 23 28 29 31 32 33 35 37 38 42 43 45 49 52 53 54 55 56 57 58 65 66 67 69 71 74 76 79 85 89 92 95 96 97 98 100
V2:  2 3 4 16 20 22 23 28 29 32 33 35 37 38 43 45 49 52 53 54 55 56 57 58 65 66 71 74 76 79 85 89 92 95 96 97 98 100
V3:  2 3 16 20 22 28 29 32 33 49 52 53 55 56 57 58 66 71 74 76 85 89 100
gap: 0
status: feasible
