obj: 20.000000 time: 0.028784 gap: 36.250000 iter: 121
obj: 15.000000 time: 0.035948 gap: 9.366391 iter: 163

obj: 15 time: 0.040017
V1:  5 8 9 10 12 18 19 21 23 28 29 31 32 33 34 35 41 43 45 46 47 51 54 55 59 60 61 62 71 72 77 79 80
V2:  5 8 12 18 21 28 31 51 54 59 60 71 72 77 79 80
V3:  12 18 21 28 31 51 54 59 71 72 77 79 80
gap: 0
status: feasible
