obj: 65.000000 time: 0.092645 gap: 71.025641 iter: 1092
obj: 60.000000 time: 0.422457 gap: 62.598707 iter: 2596
obj: 43.000000 time: 1.056323 gap: 43.329680 iter: 5497
obj: 40.000000 time: 1.140358 gap: 39.079405 iter: 5628
obj: 35.000000 time: 1.879609 gap: 29.864412 iter: 6663
obj: 34.000000 time: 27.129064 gap: 23.777611 iter: 190972
obj: 33.000000 time: 91.005750 gap: 20.486664 iter: 942722
obj: 30.000000 time: 112.662488 gap: 12.419704 iter: 1130741

obj: 30 time: 1200.04
V1:  2 5 8 10 11 15 16 17 18 26 34 38 39 40 41 42 43 47 48 50 53 54 60 61 63 66 68 70 73 77 78 81 82 84 86 87 89 94 95 96 98 99 102 112 114 117 120 121 122 124 125 126 139 140 142 144 151 152 153 154 162 164 168 171 176 178 181 184 185 187 188 190 194 195 198 202 214 216 217 220 221 222 224 227 229 230 232 234 235 236 237 238 239 240 249 251 252 253 257 258 260 262 264 267 269 271 273 274 276 280 282 283 287 289 290 292 295 298 299
V2:  2 5 8 10 15 17 18 26 38 39 40 42 50 53 54 60 61 63 77 78 82 86 96 98 99 102 120 122 125 140 144 151 152 154 164 168 178 184 185 187 190 194 195 198 202 214 217 220 221 222 224 227 229 230 234 235 236 238 240 251 252 253 267 269 276 280 283 292 299
V3:  8 10 17 26 53 77 78 96 98 102 140 151 152 154 184 198 222 224 235 240 251 252 283
gap: 0.0844527
status: feasible
