obj: 24.000000 time: 0.020779 gap: 41.666667 iter: 241
obj: 21.000000 time: 0.174247 gap: 22.399994 iter: 1497
obj: 19.000000 time: 0.319386 gap: 12.792666 iter: 3564
obj: 18.000000 time: 0.414739 gap: 6.234383 iter: 5856

obj: 18 time: 0.423633
V1:  1 4 5 7 8 10 11 13 15 17 19 20 21 25 26 28 33 34 39 40 44 48 49 50 51 52 53 55 56 62 67 71 76 78 81 82 97 98 100
V2:  4 7 8 10 11 13 15 17 19 20 21 26 28 33 40 44 48 49 50 52 55 76 81 82 97 100
V3:  7 8 10 11 15 17 20 28 44 48 49 55 81 82
gap: 0
status: feasible
