obj: 23.000000 time: 0.012702 gap: 20.652174 iter: 58
obj: 22.000000 time: 0.015289 gap: 13.131313 iter: 79

obj: 20 time: 0.018273
V1:  1 3 7 8 10 16 17 19 21 22 25 26 29 30 35 36 41 42 45 46 48
V2:  1 3 7 8 10 16 17 21 22 25 26 30 35 36 41 45 46
V3:  3 7 10 16 17 21 22 26 36 45 46
gap: 0
status: feasible
