obj: 8.000000 time: 0.644423 gap: 329.110373 iter: 2047
obj: -1.000000 time: 2.170669 gap: 1729.048928 iter: 2383
obj: -4.000000 time: 9.197685 gap: 356.399191 iter: 25670
obj: -9.000000 time: 9.200247 gap: 102.844085 iter: 25678
obj: -10.000000 time: 12.715145 gap: 82.435579 iter: 33354
obj: -11.000000 time: 26.820496 gap: 65.843606 iter: 41706
obj: -12.000000 time: 416.713090 gap: 50.451942 iter: 1139673
obj: -13.000000 time: 455.496509 gap: 38.856775 iter: 1258040
obj: -14.000000 time: 799.571771 gap: 28.379578 iter: 2391502

obj: -14 time: 1200.11
V1:  1 2 3 5 6 10 11 12 19 21 23 24 28 32 35 37 39 43 45 46 49 50 55 57 59 61 65 66 69 70 76 78 80 81 84 85 88 89 90 103 104 113 116 118 119 120 122 126 128 131 132 133 135 136 139 140 153 155 156 157 166 167 169 175 176 177 180 182 183 184 185 193 196 197 198 205 209 210 216 217 227 229 230 234 239 240 243 251 254 256 257 259 261 264 265 266 269 273 274 275 280 282 286 287 290 292 293 311 312 314 324 325 326 328 331 332 335 337 340 344 345 348 351 352 353 354 357 358 359 361 362 364 367 371 373 374 380 381 389 390 391 398 401 404 405 406 407 415 416 418 420 422 426 427 429 431 436 437 438 443 446 450 453 460 461 464 465 468 470 476 479 481 486 488 491 493 494 497 499 500
V2:  1 3 6 19 23 24 28 32 39 43 46 59 66 69 70 78 80 81 84 85 89 90 113 118 119 122 126 128 132 136 139 169 177 182 193 216 230 234 239 240 251 254 256 259 261 269 280 282 292 311 314 325 326 328 335 340 352 358 359 361 364 367 381 389 391 406 407 415 416 420 427 429 431 443 460 461 464 465 470 486 488 494 497 500
V3:  1 6 23 24 28 39 43 46 59 66 69 78 80 85 122 126 128 132 136 193 230 234 239 240 254 256 269 280 292 311 325 335 340 358 359 381 406 420 431 460 461 497
gap: 0.28004
status: feasible
