obj: 55.000000 time: 0.027990 gap: 7.727273 iter: 87
obj: 54.000000 time: 0.056824 gap: 1.851852 iter: 217

obj: 54 time: 0.057835
V1:  1 5 6 9 12 15 16 18 22 25 28 29 32 33 35 36 37 38 41 42 43 44 45 46 47 48 50 56 57 59 61 63 65 66 67 71 74 76 77 79 83 84 87 89 92 99 100
V2:  1 5 6 9 12 15 16 18 22 25 29 32 33 35 37 38 41 42 44 45 46 47 50 57 59 61 63 65 71 74 76 77 79 83 84 89 92 100
V3:  1 5 15 16 18 22 29 33 37 41 42 44 45 46 50 57 59 61 71 77 89 100
gap: 0
status: feasible
