obj: 50.000000 time: 0.012115 gap: 3.333333 iter: 21

obj: 50 time: 0.013507
V1:  1 2 3 5 6 7 8 9 10 11 12 14 15 16 17 19 21 22 28 29 31 32 33 34 35 36 37 44 45 46 47
V2:  1 2 5 6 7 8 9 11 12 14 15 16 17 19 21 22 28 31 32 34 35 36 37 44 45 47
V3:  2 5 6 11 14 19 22 31 35 36 45 47
gap: 0
status: feasible
