obj: 109.000000 time: 0.010871 gap: 1.223242 iter: 14

obj: 108 time: 0.011958
V1:  2 3 4 5 6 7 8 9 10 13 14 15 16 17 18 19 21 22 24 25 26 28 29 31 32 35 37 38 39 40 41 42 43 44 45 46 47 49 50 51 53 55 56 57 59 60 61 62 63 64 67 71 72 73 74 77 78 79
V2:  2 3 4 5 6 7 8 9 10 13 14 15 16 17 18 19 21 22 24 25 26 28 29 31 32 35 37 38 39 40 41 42 43 44 45 47 49 50 51 53 55 56 57 59 60 61 62 63 64 67 71 72 73 74 77 78 79
V3:  2 4 6 8 15 18 19 25 26 28 42 50 59 61 77
gap: 0
status: feasible
