obj: 19.000000 time: 0.087828 gap: 106.273595 iter: 600
obj: 12.000000 time: 0.169349 gap: 108.894541 iter: 703
obj: 8.000000 time: 0.598903 gap: 107.416443 iter: 1729
obj: 4.000000 time: 0.903740 gap: 114.719603 iter: 1770
obj: 3.000000 time: 11.504489 gap: 96.401867 iter: 69982
obj: 2.000000 time: 94.774201 gap: 66.862991 iter: 818935

obj: 2 time: 116.97
V1:  1 2 4 9 10 17 18 19 21 23 24 25 26 29 30 32 37 38 42 44 51 52 54 65 67 68 70 71 72 75 80 81 83 86 88 91 95 96 100 109 110 112 113 116 119 120 121 123 129 130 131 132 134 136 137 139 144 145 146 147 155 157 161 164 165 167 169 178 179 180 184 185 188 194 197 199 200
V2:  1 4 17 19 23 25 30 32 37 44 51 52 68 71 80 86 88 91 95 96 100 113 120 123 132 134 137 155 157 161 164 167 169 179 184
V3:  23 32 37 44 71 91 95 100 132 155 164 167 169
gap: 0
status: feasible
