obj: 121.000000 time: 0.018563 gap: 1.652893 iter: 20
obj: 120.000000 time: 0.018779 gap: 0.833333 iter: 22

obj: 120 time: 0.019049
V1:  1 3 4 5 6 7 8 9 11 13 14 17 19 21 23 24 25 26 28 29 30 32 33 37 38 39 40 41 42 43 44 45 46 48 50 51 52 54 55 58 61 62 63 64 65 66 68 70 72 74 77 79 80 81 82 83 84 87 89 90 92 95 97 98 100
V2:  1 3 4 5 6 7 8 9 11 13 14 17 19 21 23 24 25 26 28 29 30 32 33 37 38 39 40 41 42 43 44 45 46 48 50 51 52 54 55 58 61 62 63 64 65 66 68 70 72 74 77 79 80 81 82 83 84 87 89 90 92 95 97 100
V3:  3 6 13 14 21 26 29 32 37 39 40 42 43 48 50 51 55 58 61 68 70 77 84 89 97 100
gap: 0
status: feasible
