obj: 200.000000 time: 0.131926 gap: 15.270000 iter: 420
obj: 193.000000 time: 0.183094 gap: 8.857959 iter: 773
obj: 186.000000 time: 0.564965 gap: 2.443456 iter: 2851
obj: 185.000000 time: 0.729106 gap: 1.916123 iter: 2851
obj: 184.000000 time: 0.884431 gap: 0.923913 iter: 5745
obj: 183.000000 time: 0.923491 gap: 0.000000 iter: 6593

obj: 183 time: 0.924149
V1:  2 4 5 11 12 14 15 16 19 20 21 22 24 25 27 29 31 35 36 39 42 43 44 46 47 48 49 50 51 52 55 56 59 60 61 62 63 68 70 71 74 78 79 83 84 85 87 90 92 102 103 105 109 110 111 112 115 120 121 124 125 126 128 130 131 132 133 139 141 143 148 151 153 155 161 163 169 170 171 173 181 185 190 191 195 196 199 203 205 206 208 210 212 214 217 218 219 220 221 225 227 228 229 230 232 233 238 241 245 248 251 252 253 256 257 258 261 262 265 266 269 271 273 274 275 276 278 279 280 281 282 285 286 288 293 295 296 298 301 306 310 311 313 314 315 316 319 320 321 322 325 328 331 333 336 339 340 344 345 347 349 352 354 355 358 359 361 365 367 368 370 371 373 374 380 382 386 388 391 392 393 399
V2:  2 4 5 11 14 16 19 20 21 27 29 31 35 36 42 43 44 47 48 49 50 51 52 56 59 60 62 63 68 74 78 83 84 90 92 102 103 109 111 112 115 120 121 124 126 128 131 133 139 143 148 151 153 155 161 163 169 170 171 173 185 190 195 196 199 203 205 208 210 212 214 218 219 220 225 227 229 230 232 233 238 241 245 248 252 253 256 257 258 262 265 266 269 271 274 279 280 281 282 285 286 288 293 295 296 301 306 310 313 314 316 319 320 321 322 325 328 336 347 349 352 354 359 361 365 371 373 380 382 386 388 392 393 399
V3:  2 4 5 11 14 16 19 20 21 27 29 31 35 36 42 44 47 49 51 52 56 60 62 74 78 90 92 103 109 111 115 120 124 126 128 131 133 143 148 151 163 170 173 185 190 195 196 199 205 210 212 214 218 219 225 229 233 238 245 256 257 265 269 271 279 288 314 319 320 321 322 325 336 347 352 361 371 373 380 382 386 388 392 393 399
gap: 0
status: feasible
