obj: 21.000000 time: 0.146538 gap: 101.237982 iter: 1157
obj: 19.000000 time: 0.552690 gap: 94.338447 iter: 2175
obj: 11.000000 time: 2.290348 gap: 87.642381 iter: 3763
obj: 10.000000 time: 8.951983 gap: 85.370435 iter: 42854
obj: 9.000000 time: 19.521775 gap: 83.744928 iter: 78678
obj: 7.000000 time: 26.005741 gap: 79.022143 iter: 142681
obj: 5.000000 time: 61.039694 gap: 65.160937 iter: 571773

obj: 5 time: 1200.26
V1:  1 2 5 8 12 15 16 17 20 23 24 29 30 31 32 34 36 37 38 39 42 48 49 50 51 52 62 65 69 70 72 79 80 81 83 86 88 92 93 97 102 104 106 109 113 114 115 116 117 118 120 121 129 137 139 141 146 148 150 157 158 159 161 169 171 172 173 174 180 182 188 194 207 210 211 212 214 215 220 221 223 225 227 230 233 236 237 238 241 246 249 251 255 256 259 260 262 264 266 275 276 277 278 281 282 284 285 288 291 293 294 296 300
V2:  15 20 23 24 31 38 39 49 52 62 65 70 72 79 80 83 86 93 97 102 104 106 118 129 141 148 150 159 161 171 172 173 180 182 188 207 211 214 215 220 223 227 230 236 237 249 251 256 259 260 262 277 284 285 293 300
V3:  20 39 52 80 86 102 104 118 129 148 159 161 171 172 180 182 220 236 237 251 256 260 300
gap: 0.55199
status: feasible
