obj: 67.000000 time: 0.178504 gap: 73.091603 iter: 1593
obj: 66.000000 time: 0.647989 gap: 70.076712 iter: 3039
obj: 53.000000 time: 1.645564 gap: 58.652492 iter: 6416
obj: 47.000000 time: 1.720553 gap: 53.374087 iter: 6416
obj: 39.000000 time: 3.665751 gap: 42.355816 iter: 9155
obj: 38.000000 time: 19.455658 gap: 39.459527 iter: 61886
obj: 37.000000 time: 58.336487 gap: 37.124655 iter: 333583
obj: 36.000000 time: 59.681460 gap: 35.369170 iter: 343063
obj: 34.000000 time: 90.387625 gap: 31.203994 iter: 605658
obj: 33.000000 time: 111.501348 gap: 28.885639 iter: 780679
obj: 32.000000 time: 113.632107 gap: 26.663283 iter: 790896
obj: 31.000000 time: 149.097203 gap: 24.024479 iter: 1044433
obj: 30.000000 time: 167.918239 gap: 21.482003 iter: 1060192
obj: 29.000000 time: 1109.854320 gap: 15.671785 iter: 6162623
obj: 28.000000 time: 1148.430999 gap: 12.643738 iter: 6231594

obj: 28 time: 1200.02
V1:  1 2 3 6 7 8 9 12 20 22 25 27 29 30 33 34 35 36 38 42 44 48 51 54 58 60 64 69 71 74 75 80 81 83 95 108 109 111 114 117 119 120 126 129 130 132 133 134 135 136 138 142 145 147 149 150 155 157 158 165 169 170 171 174 175 176 177 179 180 182 184 185 189 190 194 197 200 201 205 209 211 217 218 219 220 225 227 230 232 233 235 236 239 244 245 247 259 265 266 268 269 272 273 275 276 277 280 283 288 289 291 293 295 299 301 303 306 307 308 310 313 315 319 324 326 330 333 334 342 343 344 345 348 350 351 354 355 358 359 363 367 368 370 372 374 377 378 380 386 388 389 390 395 397 398 400
V2:  3 7 9 29 30 34 36 38 48 51 54 58 69 71 74 75 80 81 83 95 109 114 117 120 129 130 132 133 134 136 142 145 147 149 150 165 170 175 176 177 179 180 182 185 189 190 197 200 201 205 225 227 233 235 239 245 265 266 272 273 275 276 277 295 299 307 308 324 330 333 334 342 348 350 351 372 378 380 388 397 398 400
V3:  9 51 54 74 75 114 129 133 134 142 165 170 175 176 179 180 182 185 189 201 233 235 266 307 308 324 333 342 348 351 372 388 397 400
gap: 0.125551
status: feasible
