obj: 26.000000 time: 0.134390 gap: 90.421161 iter: 1098
obj: 21.000000 time: 0.596505 gap: 82.825236 iter: 2167
obj: 18.000000 time: 1.760347 gap: 79.597897 iter: 2703
obj: 17.000000 time: 2.945559 gap: 77.690694 iter: 12540
obj: 13.000000 time: 3.012258 gap: 70.826292 iter: 13026
obj: 12.000000 time: 4.231834 gap: 68.295325 iter: 17589
obj: 10.000000 time: 9.434833 gap: 61.740992 iter: 37495
obj: 9.000000 time: 81.623668 gap: 51.033244 iter: 852117
obj: 8.000000 time: 829.655982 gap: 36.642254 iter: 7481124

obj: 8 time: 1200.06
V1:  3 5 7 11 12 13 16 18 21 23 25 27 28 31 33 35 36 37 38 39 41 43 44 45 50 54 59 70 72 77 80 83 85 86 87 92 95 97 98 103 104 105 106 107 109 110 111 112 113 114 115 117 118 123 129 135 140 143 146 149 152 153 157 158 159 165 171 177 178 181 183 185 187 188 189 191 192 193 196 198 200 209 216 217 218 219 221 222 223 225 226 231 239 243 246 247 248 251 258 260 261 262 263 273 274 276 277 283 286 288 292 293 295 297 299 300
V2:  3 5 7 18 21 23 27 28 35 39 41 43 44 72 77 80 95 104 105 106 111 118 149 152 153 158 165 171 178 181 185 188 189 192 200 217 218 219 222 223 225 226 231 247 248 258 260 262 277 283 286 292 297 300
V3:  7 18 21 72 77 80 95 104 118 149 158 165 178 189 192 217 223 231 277 292 297 300
gap: 0.353279
status: feasible
