obj: 31.000000 time: 0.059536 gap: 71.423562 iter: 601
obj: 27.000000 time: 0.455932 gap: 59.766832 iter: 1959
obj: 21.000000 time: 0.650645 gap: 48.137361 iter: 2104
obj: 20.000000 time: 4.871590 gap: 41.401910 iter: 25298
obj: 18.000000 time: 6.896624 gap: 34.141291 iter: 36789
obj: 17.000000 time: 6.940872 gap: 30.267249 iter: 37121
obj: 15.000000 time: 7.320348 gap: 20.404132 iter: 39835
obj: 14.000000 time: 82.004066 gap: 7.686783 iter: 750919

obj: 14 time: 82.7786
V1:  3 4 8 10 11 16 17 18 19 24 35 37 42 44 45 47 48 50 51 52 57 58 63 66 70 73 75 80 81 82 84 86 88 89 92 94 97 99 100 104 106 111 112 118 128 130 133 134 135 136 138 140 142 148 149 151 153 157 159 160 162 164 165 166 167 169 171 178 181 183 184 186 187 190 191 193 195
V2:  10 16 17 44 45 47 50 52 57 66 73 80 86 88 92 97 99 100 104 118 130 136 138 140 142 148 151 153 157 160 162 164 165 166 167 171 178 181 183 184 195
V3:  10 16 45 73 80 99 104 118 130 136 142 151 157 162 164 165 167 171 184
gap: 0
status: feasible
