obj: 47.000000 time: 0.009945 gap: 2.127660 iter: 9

obj: 47 time: 0.010164
V1:  1 2 3 4 5 6 8 10 11 14 15 16 19 20 22 23 24 25 26 27 29 32 33 36 38 39 41
V2:  1 2 3 4 6 8 10 11 14 15 16 19 20 22 23 24 25 26 27 29 32 33 36 38 39 41
V3:  1 2 6 8 10 11 14 15 16 20 22 23 26 29 32 39 41
gap: 0
status: feasible
