obj: 21.000000 time: 0.013264 gap: 13.392857 iter: 89

obj: 21 time: 0.022757
V1:  2 3 5 6 8 9 13 18 20 22 23 27 29 31 32 37 38 39 46 47 48 49
V2:  2 3 8 9 18 20 22 23 27 29 31 32 37 38 39 46 48
V3:  2 8 9 18 20 23 31 37 38 46
gap: 0
status: feasible
