obj: 10.000000 time: 0.020444 gap: 70.000000 iter: 270
obj: 8.000000 time: 0.168758 gap: 36.530172 iter: 1594
obj: 7.000000 time: 0.183733 gap: 27.463054 iter: 2065
obj: 6.000000 time: 0.398549 gap: 0.000000 iter: 9216

obj: 6 time: 0.398796
V1:  1 4 5 7 13 21 26 28 31 32 39 40 41 43 45 46 47 48 52 53 60 61 62 68 70 71 72 73 78 80
V2:  5 7 13 21 28 31 40 47 48 53 60 62 68 70 71 73 78 80
V3:  5 7 21 40 47 53 60 73
gap: 0
status: feasible
