obj: 50.000000 time: 0.041193 gap: 39.750000 iter: 567
obj: 48.000000 time: 0.393185 gap: 23.550449 iter: 2775
obj: 47.000000 time: 0.799778 gap: 20.044068 iter: 4173
obj: 44.000000 time: 0.873932 gap: 14.497151 iter: 5194
obj: 42.000000 time: 0.950920 gap: 10.425587 iter: 6751
obj: 41.000000 time: 1.069580 gap: 8.143020 iter: 8443
obj: 40.000000 time: 1.226604 gap: 5.507300 iter: 11460
obj: 39.000000 time: 4.480127 gap: 0.000000 iter: 79634

obj: 39 time: 4.48171
V1:  3 4 5 7 11 13 19 20 21 22 27 31 37 39 40 42 43 44 46 49 50 51 54 55 58 59 60 61 62 67 69 74 76 78 79 80 81 84 85 86 87 92 93 94 96 98 99 101 102 115 116 117 121 126 127 133 135 138 142 143 146 149 150 153 155 157 167 169 174 178 179 180 181 184 185 189 191 192 195 196 199
V2:  5 11 13 19 21 22 42 44 46 54 58 60 61 62 69 76 78 80 81 84 86 87 92 93 98 99 101 117 121 126 127 133 135 138 142 143 146 149 153 155 157 169 174 179 180 181 189 192 195 196
V3:  5 13 21 42 54 60 61 78 84 86 87 99 101 117 126 138 143 149 153 155 157 169 174 179 192 195 196
gap: 0
status: feasible
