obj: 31.000000 time: 0.145231 gap: 84.603060 iter: 1044
obj: 22.000000 time: 0.586549 gap: 76.197517 iter: 1899
obj: 16.000000 time: 0.919817 gap: 67.124687 iter: 2012
obj: 15.000000 time: 13.074126 gap: 60.450073 iter: 70158
obj: 14.000000 time: 23.188777 gap: 56.945381 iter: 128958
obj: 13.000000 time: 23.444143 gap: 53.632872 iter: 130788
obj: 10.000000 time: 40.231456 gap: 38.338333 iter: 251705

obj: 10 time: 1200.34
V1:  3 5 6 7 8 9 10 14 16 18 20 21 23 25 29 31 33 35 43 47 50 53 58 59 60 63 68 73 77 79 82 86 93 94 96 99 100 101 102 107 111 114 116 121 128 130 132 134 137 139 143 144 145 146 148 149 152 154 162 163 164 166 169 170 171 172 176 177 179 182 188 194 195 196 197 202 203 204 207 209 210 211 215 216 218 219 220 227 228 234 237 239 242 243 245 249 251 255 257 258 259 260 268 269 270 275 276 279 282 283 284 292 293 294 295 297 299 300
V2:  3 5 6 10 14 16 18 20 23 29 31 33 35 43 47 50 53 60 68 82 99 102 111 130 139 144 149 164 169 171 182 188 195 197 204 207 216 218 228 234 237 239 242 251 259 268 269 275 292 294 295 300
V3:  3 5 6 20 29 33 35 43 82 99 111 130 144 164 218 242 251 259 268 269 275 294
gap: 0.283581
status: feasible
