obj: 4.000000 time: 0.323005 gap: 413.928111 iter: 1455
obj: 0.000000 time: 1.190283 gap: 12403845088285.095703 iter: 1909
obj: -4.000000 time: 1.411860 gap: 210.096127 iter: 1909
obj: -6.000000 time: 2.713186 gap: 105.588742 iter: 2199
obj: -7.000000 time: 13.052406 gap: 75.088157 iter: 37844
obj: -8.000000 time: 92.558530 gap: 49.865786 iter: 357493
obj: -9.000000 time: 332.374515 gap: 31.648109 iter: 1424945

obj: -9 time: 1186.49
V1:  1 4 6 10 16 17 20 25 26 27 31 33 35 38 40 41 42 43 48 50 54 56 58 62 63 65 70 71 74 76 77 78 79 82 87 88 89 93 100 102 114 117 121 123 126 128 130 131 132 134 136 139 144 145 147 151 155 161 164 167 168 170 171 174 177 184 186 187 191 196 201 207 209 210 212 214 215 216 217 219 221 222 226 228 229 233 246 247 248 249 252 255 258 261 263 269 271 272 276 278 285 286 289 293 307 312 313 314 317 318 319 326 328 332 336 339 343 344 347 348 349 351 354 355 366 368 370 373 377 378 381 385 388 389 392 395 396 399
V2:  1 4 6 10 16 17 20 25 26 33 35 38 41 43 54 62 63 70 74 76 77 78 82 87 89 93 100 102 123 126 130 132 136 139 147 170 174 177 187 196 207 212 214 215 221 222 226 229 233 246 248 249 255 261 269 271 272 285 286 293 307 317 326 328 332 348 349 355 366 368 370 377 381 388 389 399
V3:  1 10 20 33 38 41 54 62 70 74 78 102 123 126 130 132 147 187 196 215 233 246 248 249 255 269 272 285 293 328 332 348 355 366 368 370 381 388 399
gap: 0.289664
status: feasible
