obj: 56.000000 time: 0.058658 gap: 42.410714 iter: 621
obj: 53.000000 time: 0.846361 gap: 21.496111 iter: 4276
obj: 47.000000 time: 1.016765 gap: 11.427891 iter: 6632
obj: 46.000000 time: 1.020146 gap: 9.502411 iter: 6665
obj: 45.000000 time: 29.122391 gap: 0.000000 iter: 447088

obj: 45 time: 29.1233
V1:  2 4 9 10 18 19 20 21 23 26 27 29 31 34 36 37 38 39 42 44 45 46 47 48 49 50 52 59 60 61 62 63 69 75 79 80 85 87 90 99 100 101 103 106 109 110 112 115 117 120 121 124 126 129 130 132 138 143 145 151 152 155 158 164 170 172 174 177 178 179 180 185 186 191 193 194 195 196 197
V2:  2 4 10 19 20 21 23 26 27 29 31 34 37 38 39 42 44 45 48 52 59 60 61 62 69 79 80 90 99 101 103 106 112 120 121 126 129 130 132 138 143 145 151 152 155 164 170 172 174 179 180 186 191 193 194 196 197
V3:  2 23 26 27 29 31 37 38 39 42 45 48 60 62 69 79 101 103 121 130 132 143 145 152 164 174 179 186 196 197
gap: 0
status: feasible
