obj: 43.000000 time: 0.006046 gap: 4.069767 iter: 16

obj: 42 time: 0.008029
V1:  2 3 4 5 7 8 9 10 13 14 16 17 18 19 20 21 24 25 26 27 28 29
V2:  2 3 4 5 7 8 9 10 13 14 16 17 18 19 20 21 24 25 26 27 28 29
V3:  3 8 10 13 21 27
gap: 0
status: feasible
