obj: 12.000000 time: 0.091972 gap: 116.166667 iter: 756
obj: 8.000000 time: 0.257315 gap: 112.500000 iter: 1265
obj: 6.000000 time: 0.333781 gap: 116.666667 iter: 1362
obj: 3.000000 time: 0.772397 gap: 133.333333 iter: 1540
obj: 2.000000 time: 3.006057 gap: 150.000000 iter: 27025
obj: 1.000000 time: 5.503223 gap: 179.226361 iter: 33749

obj: 1 time: 11.0451
V1:  5 8 10 11 12 14 18 24 25 29 30 32 34 37 41 43 44 45 46 49 50 51 57 58 59 60 66 68 73 74 81 83 84 87 88 95 97 101 105 107 109 110 111 112 113 114 116 119 124 126 129 130 131 135 140 142 147 150 152 153 157 158 165 176 177 183 186 187 188 190 195 198 199
V2:  11 14 24 29 30 32 34 43 44 46 51 59 66 73 74 83 88 97 101 105 110 112 116 130 131 142 147 152 153 158 177 183 186 187 190 195
V3:  24 29 30 34 43 46 59 66 83 97 105 110 130 131 142 147 177 187 190
gap: 0
status: feasible
