obj: 22.000000 time: 0.279793 gap: 113.451193 iter: 1599
obj: 17.000000 time: 0.798323 gap: 114.172280 iter: 2320
obj: 9.000000 time: 3.378646 gap: 123.467952 iter: 4104
obj: 8.000000 time: 6.464133 gap: 126.043278 iter: 30288
obj: 7.000000 time: 83.193858 gap: 127.749687 iter: 401701
obj: 3.000000 time: 112.611593 gap: 164.388871 iter: 490803

obj: 3 time: 1199.9
V1:  6 7 10 15 19 21 24 26 30 32 33 34 38 41 49 54 55 58 60 61 62 63 65 67 70 72 76 78 79 80 86 89 91 93 98 100 106 107 115 116 117 123 124 125 126 132 135 138 141 144 145 152 155 161 162 166 167 169 170 171 172 173 175 176 181 182 183 185 186 192 193 195 196 198 199 206 208 211 213 217 219 222 223 225 227 232 233 234 238 240 248 253 260 261 262 263 269 271 277 283 285 286 291 293 296 297 300 302 303 305 308 309 311 314 315 316 318 323 326 332 334 336 339 344 350 352 354 356 359 362 363 365 368 369 374 375 376 377 379 383 384 386 389 393 396
V2:  6 10 19 26 30 33 38 58 67 70 72 78 79 80 86 89 91 98 100 115 116 123 124 132 135 152 161 162 173 183 186 192 193 195 196 198 206 208 211 217 219 222 225 227 234 248 260 261 262 269 271 291 305 308 309 311 314 316 318 326 332 334 344 350 352 354 356 362 365 374 377 379 389 393 396
V3:  6 67 70 72 78 79 80 91 100 115 116 124 152 161 162 173 183 192 195 208 219 222 227 248 261 262 269 305 309 314 332 334 352 356 362 374 377 379
gap: 1.50387
status: feasible
