obj: 15.000000 time: 0.008590 gap: 38.333333 iter: 64

obj: 13 time: 0.050092
V1:  2 6 8 10 11 15 17 18 19 21 25 26 29 30
V2:  6 8 11 15 17 18 21 25 29
V3:  6 8 11 15 18 25
gap: 0
status: feasible
