obj: 5.000000 time: 0.258855 gap: 270.284447 iter: 1532
obj: 4.000000 time: 1.455372 gap: 308.614959 iter: 2010
obj: -1.000000 time: 2.904013 gap: 733.631811 iter: 14792
obj: -2.000000 time: 2.919152 gap: 316.815906 iter: 14885
obj: -3.000000 time: 4.148589 gap: 175.949401 iter: 21398
obj: -4.000000 time: 21.826187 gap: 98.920845 iter: 102459
obj: -5.000000 time: 465.086230 gap: 47.272961 iter: 3292947

obj: -5 time: 1200.11
V1:  1 3 4 6 7 9 11 12 17 18 26 28 36 40 41 43 46 48 54 55 56 57 60 64 65 66 70 73 74 76 78 80 81 84 86 87 92 95 96 97 101 109 112 113 115 118 120 124 125 129 130 132 135 137 140 141 145 149 150 151 154 156 159 161 162 163 168 169 170 172 173 174 176 188 189 191 196 197 198 203 204 205 206 207 212 215 216 218 219 228 231 234 236 237 242 244 245 256 257 259 263 266 267 269 271 276 281 282 283 284 285 297 299
V2:  3 4 11 17 26 28 36 41 43 46 48 54 56 57 60 65 73 74 76 80 81 86 92 95 96 112 113 124 125 151 154 168 169 172 173 196 197 206 212 215 216 218 219 234 242 281 283 299
V3:  3 4 11 26 28 41 43 48 54 65 73 74 76 169 172 206 212 219 234 281 283
gap: 0.437751
status: feasible
