obj: 12.000000 time: 0.415557 gap: 182.584231 iter: 1619
obj: 5.000000 time: 1.569309 gap: 291.797526 iter: 2113
obj: -2.000000 time: 6.816598 gap: 374.087657 iter: 25903
obj: -4.000000 time: 9.504378 gap: 136.922532 iter: 34978
obj: -5.000000 time: 311.331282 gap: 82.338194 iter: 1271109

obj: -5 time: 1199.99
V1:  5 6 7 8 9 10 13 14 15 17 23 24 26 29 30 34 36 38 42 51 56 57 59 61 67 68 69 75 79 86 90 93 98 99 101 103 105 108 111 113 118 119 122 123 127 130 133 139 141 142 144 145 150 152 156 158 160 165 167 170 171 172 174 178 181 189 191 192 193 195 196 197 200 204 205 206 208 212 217 220 222 226 227 230 231 236 241 242 247 249 252 253 258 260 265 266 272 275 276 277 278 281 284 285 286 287 288 290 294 296 299 300 302 303 305 307 309 310 312 316 319 320 329 331 334 336 337 340 341 352 354 360 364 366 369 370 372 373 374 375 376 377 387 388 389 390 392 393 395 397 398 400
V2:  7 8 9 10 23 26 29 34 42 61 68 75 79 90 93 119 130 133 141 144 152 156 160 165 167 170 172 195 196 205 217 220 226 236 242 247 258 260 266 285 286 287 299 305 309 310 316 319 329 331 334 336 352 354 364 366 369 375 377 389 390 392
V3:  7 8 10 26 79 90 93 133 141 144 160 165 170 172 195 220 242 260 286 287 305 310 331 336 352 366 369 389 390
gap: 0.778541
status: feasible
