obj: 191.000000 time: 0.039914 gap: 1.308901 iter: 36

obj: 189 time: 0.042088
V1:  4 5 6 7 8 9 10 11 12 13 15 16 17 18 19 21 23 24 25 26 28 29 35 37 38 39 40 41 43 44 46 47 48 49 51 52 56 57 59 61 63 64 65 67 68 69 70 72 75 76 77 78 80 81 84 85 88 89 93 94 97 98 99 100 102 104 105 106 111 117 119 120 122 123 124 125 127 128 130 131 134 135 137 140 143 148 149 152 155 157 159 160 162 163 166 168 171 173 177 179 181 182 185 186 187 188 189 190 191 192 194 195 198
V2:  4 5 6 7 8 9 10 11 12 13 15 16 17 19 21 24 26 28 29 35 37 38 39 40 41 43 44 46 47 48 49 51 52 56 57 59 61 63 64 65 67 68 69 72 75 76 77 78 80 84 85 88 89 94 97 98 99 100 102 104 105 106 111 117 119 120 122 123 124 125 127 128 130 131 134 135 137 140 143 148 149 152 155 157 159 160 162 163 166 168 171 173 177 179 181 182 185 186 187 188 189 190 191 192 194 195 198
V3:  4 5 7 9 10 11 16 17 29 38 39 40 44 48 51 57 59 61 63 65 67 69 72 78 80 84 88 89 94 97 104 105 106 117 119 120 124 134 143 148 149 155 162 163 166 168 171 173 177 179 182 185 186 189 190 192
gap: 0
status: feasible
