obj: 23.000000 time: 0.270794 gap: 110.612085 iter: 1586
obj: 22.000000 time: 0.832487 gap: 108.675983 iter: 2248
obj: 14.000000 time: 3.704864 gap: 109.636620 iter: 4056
obj: 12.000000 time: 7.007431 gap: 111.133126 iter: 25412
obj: 6.000000 time: 8.523655 gap: 121.575198 iter: 32484
obj: 5.000000 time: 17.762802 gap: 123.864754 iter: 40611
obj: 4.000000 time: 672.938559 gap: 117.506155 iter: 3334893

obj: 4 time: 1199.95
V1:  1 2 4 7 9 11 12 14 15 17 24 26 29 30 35 36 37 40 43 44 49 50 55 56 66 69 72 73 81 83 85 87 89 90 93 97 100 103 105 106 108 112 113 115 120 126 132 141 144 146 149 151 152 153 155 157 158 159 161 163 165 167 169 174 176 184 186 187 191 193 196 198 199 200 201 203 205 206 207 209 214 219 221 225 228 231 233 234 236 237 240 243 249 251 253 255 261 262 263 265 266 267 268 274 275 277 278 287 288 289 291 295 296 297 298 300 301 302 306 307 309 312 315 317 320 322 323 328 331 333 336 337 338 341 343 348 360 363 372 376 377 383 384 389 390 391 392 397 398 400
V2:  1 7 11 12 15 36 40 43 44 49 66 69 89 90 100 103 108 120 141 146 149 152 153 158 167 174 176 193 196 198 199 200 201 203 205 209 214 219 221 231 237 253 261 262 263 287 288 289 295 296 298 301 306 307 309 312 315 317 322 331 333 336 337 338 341 343 348 363 372 376 377 383 390 397 400
V3:  40 43 89 90 100 120 141 149 152 153 167 176 196 198 201 205 237 263 288 301 333 337 343 376 377 383 390 397 400
gap: 1.14869
status: feasible
