obj: 84.000000 time: 0.006437 gap: 2.380952 iter: 24
obj: 83.000000 time: 0.006629 gap: 1.204819 iter: 26

obj: 83 time: 0.006819
V1:  1 2 3 4 5 6 7 9 10 11 12 13 14 16 18 20 21 22 23 24 26 27 28 29 30 31 32 33 34 36 37 38 39 40 42 43 44 45 46 47 48 50
V2:  1 2 3 4 5 6 7 9 10 11 12 13 14 16 18 20 21 22 23 24 26 27 28 29 30 31 32 33 34 36 37 38 39 40 42 43 44 45 46 47 48 50
V3:  1 6 14 28 29 34 36
gap: 0
status: feasible
