obj: 26.000000 time: 0.020721 gap: 55.769231 iter: 241
obj: 22.000000 time: 0.079868 gap: 40.126234 iter: 732
obj: 19.000000 time: 0.234383 gap: 18.160478 iter: 1809
obj: 18.000000 time: 0.403128 gap: 10.066482 iter: 2706
obj: 17.000000 time: 0.554514 gap: 0.000000 iter: 3352

obj: 17 time: 0.554844
V1:  2 6 9 12 13 15 16 26 28 33 35 36 37 42 44 46 49 50 53 54 56 57 61 62 63 65 68 71 72 73 74 78 81 82 86 88 90 92 93 95 98
V2:  2 12 13 15 16 28 33 36 42 49 54 62 63 73 74 78 81 88 90 92 93 98
V3:  2 12 13 33 36 54 73 78 81 88 90 93 98
gap: 0
status: feasible
