obj: 51.000000 time: 0.564928 gap: 75.247383 iter: 3698
obj: 49.000000 time: 1.302542 gap: 71.997752 iter: 4735
obj: 47.000000 time: 5.326835 gap: 67.161065 iter: 10448
obj: 44.000000 time: 8.973002 gap: 64.826843 iter: 33177
obj: 35.000000 time: 9.073775 gap: 55.782317 iter: 34061
obj: 31.000000 time: 11.134043 gap: 50.017865 iter: 42326
obj: 30.000000 time: 27.481225 gap: 47.146401 iter: 56897
obj: 27.000000 time: 221.821823 gap: 39.847373 iter: 1187220
obj: 26.000000 time: 1114.508356 gap: 36.262373 iter: 5718549
obj: 25.000000 time: 1174.473981 gap: 33.697116 iter: 5822458

obj: 25 time: 1200.03
V1:  7 8 12 14 15 16 17 18 19 21 22 23 24 29 37 38 45 46 47 51 52 58 60 61 66 67 73 74 75 76 87 88 90 91 93 96 100 103 107 110 112 117 118 124 125 126 129 132 138 140 144 145 146 148 149 153 154 157 159 160 161 162 163 167 168 171 172 173 175 176 177 181 188 189 190 192 193 194 197 198 201 202 205 208 210 211 212 217 219 220 223 225 226 233 235 237 238 239 240 246 247 248 252 254 256 257 262 266 267 268 272 275 277 278 279 284 288 289 290 291 292 294 295 299 302 304 307 312 315 318 323 331 334 336 337 346 350 351 356 359 361 363 366 372 376 378 379 381 382 384 386 387 391 392 393 395 399 404 405 406 407 408 409 412 414 418 419 420 422 423 426 427 436 439 440 446 447 448 450 451 452 454 464 466 474 482 483 487 488 492 493 495 497 498 499
V2:  7 12 14 15 21 23 38 58 66 67 73 74 75 76 87 90 91 100 103 129 145 146 149 153 154 157 160 167 171 173 177 181 188 190 193 194 197 198 201 202 205 210 212 217 219 223 226 235 237 239 252 254 257 262 266 267 277 279 290 294 295 299 304 312 334 336 361 366 376 379 382 386 392 393 395 399 405 407 423 427 436 446 447 450 451 452 454 482 483 488 492 493 495 497
V3:  7 12 14 58 66 67 73 75 76 91 129 146 149 154 188 190 194 197 201 212 219 226 239 254 257 266 277 290 294 304 312 379 382 392 393 405 423 436 451 482 497
gap: 0.336568
status: feasible
