obj: 17.000000 time: 0.006757 gap: 13.235294 iter: 62

obj: 15 time: 0.009524
V1:  3 4 5 8 10 11 13 16 23 25 26 27 29
V2:  3 4 5 8 10 11 13 23 25 26 27 29
V3:  8 10 13 23 26 27 29
gap: 0
status: feasible
