obj: 18.000000 time: 0.009300 gap: 36.111111 iter: 121
obj: 16.000000 time: 0.039206 gap: 16.120427 iter: 482
obj: 15.000000 time: 0.145962 gap: 7.479557 iter: 1000

obj: 15 time: 0.149123
V1:  2 5 6 7 8 9 10 11 14 19 21 26 27 30 31 33 36 39 41 43 44 48
V2:  2 6 8 10 14 19 21 27 31 36 39 43 44
V3:  2 6 8 10 19 21 27 44
gap: 0
status: feasible
