obj: 16.000000 time: 0.024467 gap: 56.250000 iter: 255
obj: 14.000000 time: 0.117100 gap: 50.000000 iter: 494
obj: 12.000000 time: 0.177248 gap: 41.666667 iter: 2007
obj: 11.000000 time: 0.226826 gap: 36.363636 iter: 3126
obj: 10.000000 time: 0.359829 gap: 30.000000 iter: 6742
obj: 9.000000 time: 2.105045 gap: 0.000000 iter: 22776

obj: 9 time: 2.10534
V1:  2 10 14 15 16 19 20 23 24 25 31 32 33 37 40 41 47 51 52 55 57 58 61 62 65 68 71 75 78 82 83 84 85 91 94 99
V2:  2 10 14 16 19 25 31 32 33 37 41 51 52 55 58 61 62 68 75 78 82 83 85 91 94
V3:  10 16 25 31 37 41 58 62 82 83 91 94
gap: 0
status: feasible
