obj: 18.000000 time: 0.017728 gap: 61.111111 iter: 205
obj: 12.000000 time: 0.038691 gap: 41.666667 iter: 326
obj: 9.000000 time: 0.076305 gap: 22.222222 iter: 424

obj: 9 time: 0.098943
V1:  1 2 3 4 5 12 13 15 18 23 25 26 33 34 37 38 39 40 44 47 50 51 53 56 57 62 63 70 75 76 79 80
V2:  4 5 13 23 34 37 38 39 40 44 53 63 76 80
V3:  4 13 23 37 38 39 40 44 53 76 80
gap: 0
status: feasible
