obj: 110.000000 time: 0.009505 gap: 1.363636 iter: 21

obj: 110 time: 0.011337
V1:  1 3 4 6 7 9 12 13 14 15 16 17 18 20 21 22 23 24 25 26 27 28 29 32 33 34 35 36 41 42 43 44 45 47 49 52 53 54 55 56 57 58 59 60 61 63 64 65 67 68 70 72 73 74 75 76 77 78 79 80
V2:  1 3 4 6 7 9 12 13 14 15 16 17 18 20 21 22 23 25 26 27 28 29 32 33 34 35 36 41 42 43 44 45 47 49 52 53 54 55 56 57 58 59 60 61 63 64 67 68 70 72 73 74 75 76 77 78 79 80
V3:  16 22 23 28 35 45 49 53 56 57 58 76
gap: 0
status: feasible
