obj: 31.000000 time: 0.018125 gap: 37.096774 iter: 188
obj: 27.000000 time: 0.065940 gap: 20.536943 iter: 523
obj: 26.000000 time: 0.642709 gap: 8.019943 iter: 15155

obj: 26 time: 1.10104
V1:  1 3 5 6 9 10 14 16 17 18 20 24 26 27 28 31 32 33 37 43 44 45 46 54 59 60 61 62 64 66 73 74 75 77 78
V2:  1 5 6 9 10 14 18 20 24 27 28 31 32 37 43 44 45 46 54 59 60 62 64 66 75 77
V3:  1 6 14 18 24 28 32 43 62 77
gap: 0
status: feasible
