obj: 61.000000 time: 0.325741 gap: 80.838187 iter: 2234
obj: 49.000000 time: 1.151490 gap: 73.344128 iter: 3374
obj: 46.000000 time: 4.192435 gap: 69.221821 iter: 6694
obj: 40.000000 time: 8.307236 gap: 64.314587 iter: 33548
obj: 37.000000 time: 8.429732 gap: 61.421176 iter: 34247
obj: 31.000000 time: 11.492409 gap: 53.659246 iter: 43939
obj: 29.000000 time: 24.521650 gap: 48.781964 iter: 56995
obj: 26.000000 time: 48.123245 gap: 42.595395 iter: 178033
obj: 25.000000 time: 633.709004 gap: 37.453212 iter: 3469675
obj: 24.000000 time: 701.321939 gap: 34.704032 iter: 3792050

obj: 24 time: 1200.3
V1:  1 3 4 7 8 17 18 20 21 25 29 31 32 34 38 41 42 44 45 46 47 52 55 57 58 66 69 72 73 74 77 78 84 85 86 87 90 92 99 102 103 104 105 108 111 121 124 125 126 127 129 130 131 133 136 137 140 145 146 148 152 155 156 159 160 164 167 169 170 178 184 187 188 191 192 194 196 204 207 208 216 217 218 220 221 223 225 228 232 233 235 236 238 239 240 242 251 252 253 257 258 259 260 262 266 267 269 273 274 279 285 286 287 290 291 294 295 298 299 300 307 309 312 313 317 318 319 320 321 323 329 331 334 335 338 342 343 345 346 347 349 352 353 357 362 365 367 375 376 377 378 380 382 385 391 392 393 397 400 402 404 406 409 410 415 417 419 426 427 431 432 433 434 435 436 437 439 440 443 444 453 454 456 460 465 466 467 474 475 477 486 488 490 491 495 496 497 500
V2:  1 3 4 8 18 20 21 25 32 34 41 42 45 46 47 57 58 72 73 74 84 87 102 104 121 124 129 140 146 148 152 155 156 164 167 169 178 187 192 196 217 221 228 232 233 235 239 242 253 257 258 260 262 266 269 274 279 287 290 298 309 312 313 318 319 320 323 331 334 342 353 365 367 377 378 385 391 400 432 434 440 453 454 460 465 467 488 490 491 495
V3:  1 18 21 32 34 42 45 46 47 58 72 121 124 129 148 152 156 164 167 169 196 235 260 269 274 279 290 298 313 331 334 342 385 440 454 460 490 495
gap: 0.342169
status: feasible
