obj: 49.000000 time: 0.050733 gap: 50.437318 iter: 649
obj: 42.000000 time: 0.163099 gap: 32.469444 iter: 1332
obj: 38.000000 time: 0.333181 gap: 18.652566 iter: 2568
obj: 34.000000 time: 0.364244 gap: 8.697237 iter: 2778

obj: 34 time: 1.48498
V1:  1 2 5 6 7 10 16 18 20 21 23 25 26 28 31 33 34 35 43 44 47 52 55 56 64 65 69 70 72 74 76 78 79 80 81 83 84 85 86 89 90 91 94 95 100 101 108 111 116 118 119 120 122 123 124 127 131 133 135 138 143 146 148 149 154 158 161 163 164 166 168 173 180 183 188 192 195 196 200
V2:  6 16 18 20 21 23 26 31 33 35 43 44 52 55 56 64 65 72 76 78 79 80 86 90 100 101 116 118 119 120 123 131 133 135 138 143 146 148 149 158 161 163 166 168 183 188 192 195 196 200
V3:  6 18 31 35 43 56 65 72 78 79 80 100 116 123 131 133 146 149 161 163 166 183 192 195 196 200
gap: 0
status: feasible
