obj: 17.000000 time: 0.005874 gap: 17.647059 iter: 58

obj: 16 time: 0.023076
V1:  1 2 5 8 9 10 12 13 16 18 19 20
V2:  1 2 5 8 9 10 13 18 20
V3:  1 13 18
gap: 0
status: feasible
