obj: 217.000000 time: 0.121941 gap: 13.716565 iter: 319
obj: 210.000000 time: 0.166486 gap: 8.355605 iter: 601
obj: 206.000000 time: 0.221469 gap: 4.772679 iter: 1219
obj: 205.000000 time: 0.512501 gap: 1.837587 iter: 2554
obj: 203.000000 time: 0.529754 gap: 0.863341 iter: 2599

obj: 202 time: 0.545419
V1:  2 3 4 5 7 8 9 11 13 14 15 16 17 19 21 23 26 30 31 34 36 37 39 40 41 43 46 47 50 51 52 54 56 59 60 62 63 65 67 72 74 80 83 85 87 90 92 94 95 98 101 102 105 108 109 110 113 114 116 119 120 122 123 125 129 130 132 134 136 138 139 142 148 152 153 154 155 156 158 160 162 163 164 165 166 168 172 173 174 175 176 178 179 180 185 188 189 196 198 202 205 207 213 215 217 218 219 220 222 224 225 231 233 234 235 236 237 240 244 245 246 247 248 251 252 253 255 263 266 269 270 271 274 277 281 282 283 284 285 291 292 293 295 298 305 306 310 316 318 324 326 327 328 329 333 338 340 341 344 345 347 349 353 359 362 363 364 365 367 368 369 372 374 378 379 381 382 383 384 388 390 394 396 398
V2:  2 5 7 11 13 14 15 16 17 19 21 23 26 30 31 34 36 43 47 51 52 54 56 59 60 62 65 72 74 80 83 85 87 90 92 94 95 98 101 102 108 109 110 113 114 116 119 120 123 125 129 130 132 138 139 142 148 152 154 155 156 158 160 162 164 165 166 168 172 173 174 175 176 178 179 188 189 196 202 205 217 220 222 225 231 233 234 236 237 240 244 245 246 247 248 251 252 253 255 263 266 269 271 274 281 282 283 284 285 291 292 293 295 298 305 306 310 316 318 324 326 327 328 329 340 344 345 349 359 362 363 364 365 367 368 379 381 382 390 394 396 398
V3:  2 5 11 13 15 17 19 26 30 31 36 51 54 59 60 62 65 72 83 85 87 92 98 101 102 109 114 116 119 120 125 129 138 139 142 152 154 155 156 158 160 162 164 165 172 173 174 175 176 178 179 188 189 196 202 217 220 222 231 234 236 245 246 247 252 255 263 271 274 281 285 298 305 306 316 318 324 328 340 344 345 349 359 362 363 364 367 368 382 390 394 396
gap: 0
status: feasible
