obj: 217.000000 time: 0.072578 gap: 2.304147 iter: 80
obj: 216.000000 time: 0.075618 gap: 1.388889 iter: 109
obj: 215.000000 time: 0.095303 gap: 0.930233 iter: 365

obj: 215 time: 0.106018
V1:  2 6 7 8 9 14 16 17 19 22 23 24 25 26 27 28 29 31 32 33 34 35 36 37 38 40 41 42 45 48 49 50 51 54 55 57 62 64 65 69 70 72 75 76 77 79 80 81 82 83 84 86 87 88 89 90 91 92 94 95 96 97 99 100 101 102 105 106 107 114 116 117 118 120 121 123 126 127 128 130 131 133 137 139 142 145 148 150 152 153 154 155 158 160 161 164 167 169 171 173 176 177 178 179 181 182 183 187 190 192 195 197 199 200 204 207 208 209 210 211 212 216 217 218 221 222 223 224 227 228 231 236 238 243 245 247 252 257 258 259 260 265 268 271 273 277 281 283 284 287 289 293 294 300
V2:  2 6 7 9 14 16 17 19 22 23 24 25 26 27 28 29 31 32 33 34 36 37 38 40 41 42 45 48 49 50 51 54 55 62 64 65 69 70 75 76 77 79 80 82 83 84 86 87 89 90 92 94 95 97 99 100 101 105 106 107 114 116 117 118 121 123 126 127 128 130 131 133 137 139 142 145 148 150 152 153 154 155 158 160 161 164 167 169 171 176 177 178 181 182 183 190 192 195 197 199 200 204 207 209 212 216 217 218 222 223 224 227 231 238 243 245 252 257 259 260 268 271 273 277 283 284 289 300
V3:  2 6 9 14 16 17 19 23 24 25 29 31 32 33 36 37 40 41 42 45 48 50 51 54 55 65 69 75 79 83 84 86 89 90 94 97 99 100 101 106 107 114 116 123 127 130 139 145 148 150 152 154 160 161 164 167 169 171 182 190 195 197 200 209 212 217 227 231 238 243 245 252 257 260 271 277 283 289 300
gap: 0
status: feasible
