obj: 17.000000 time: 0.006342 gap: 5.882353 iter: 16

obj: 17 time: 0.007014
V1:  2 6 9 10 11 13 14 15 16 19 20
V2:  2 6 9 10 11 13 15 16 19 20
V3:  2 6 10 13 16
gap: 0
status: feasible
