obj: 44.000000 time: 0.016525 gap: 7.386364 iter: 49
obj: 43.000000 time: 0.020814 gap: 3.059976 iter: 88

obj: 43 time: 0.022601
V1:  1 12 13 15 16 17 18 20 21 25 26 28 31 32 33 34 35 38 39 44 46 47 49 53 56 58 60 68 70 71 75 76 78 79 80
V2:  1 12 13 15 16 17 18 20 25 26 28 31 32 33 34 38 39 44 46 47 49 53 56 58 68 70 71 75 76 78 79 80
V3:  1 13 15 16 18 26 28 33 34 39 44 46 49 53 56 58 68 70 71 76 80
gap: 0
status: feasible
