obj: 49.000000 time: 0.029217 gap: 11.224490 iter: 61
obj: 47.000000 time: 0.036023 gap: 4.159246 iter: 136

obj: 47 time: 0.060856
V1:  4 5 6 7 8 11 15 16 19 20 22 25 27 31 43 44 46 47 48 49 51 52 54 55 58 59 62 63 64 66 68 69 70 73 74 76 80 81 82 83 86 90 93 95
V2:  4 5 6 7 8 11 15 19 20 25 27 43 44 46 48 49 51 52 54 55 58 59 64 69 70 73 76 81 82 83 86 95
V3:  4 5 6 8 15 19 20 25 27 43 44 48 49 51 52 54 58 59 64 69 70 73 76 81 82 83 86
gap: 0
status: feasible
