obj: 34.000000 time: 0.015001 gap: 51.764706 iter: 207
obj: 24.000000 time: 0.030683 gap: 26.649306 iter: 302
obj: 23.000000 time: 0.307055 gap: 7.527724 iter: 2681

obj: 23 time: 0.35527
V1:  1 2 3 4 5 6 8 9 11 12 14 16 18 19 21 22 25 26 27 30 34 35 38 39 43 45 46 51 52 53 56 62 68 72
V2:  4 5 9 11 12 16 18 19 21 25 26 27 30 34 35 38 39 43 45 51 52
V3:  4 5 9 11 16 18 19 21 25 27 30 39 43 51
gap: 0
status: feasible
