obj: 17.000000 time: 0.086978 gap: 88.235294 iter: 546
obj: 8.000000 time: 0.272587 gap: 75.000000 iter: 700
obj: 4.000000 time: 0.698830 gap: 50.000000 iter: 1179
obj: 3.000000 time: 3.051923 gap: 33.333333 iter: 33672
obj: 2.000000 time: 7.834585 gap: 0.000000 iter: 77142

obj: 2 time: 7.83684
V1:  1 4 5 6 8 12 13 21 22 24 26 28 30 33 34 35 48 51 56 57 60 63 65 66 67 69 70 73 74 78 81 84 92 94 95 96 98 99 104 107 114 118 119 121 122 123 131 133 134 136 137 139 140 141 143 144 145 146 147 150 151 152 153 154 158 159 165 168 172 174 177 182 183 188 191 194 198
V2:  8 21 24 30 33 51 66 69 70 74 81 92 94 95 96 98 107 119 121 122 133 134 136 141 158 159 168 182 191 198
V3:  8 21 24 30 33 69 70 92 94 95 96 122 134 136 141 182 191 198
gap: 0
status: feasible
