obj: 23.000000 time: 0.008866 gap: 6.521739 iter: 43

obj: 23 time: 0.00991
V1:  3 4 5 6 9 13 14 15 17 18 19 23 24 27 29 30
V2:  4 5 6 13 14 15 17 19 23 24 27 29 30
V3:  4 6 13 14 15 23 27 29
gap: 0
status: feasible
