obj: 10.000000 time: 0.084917 gap: 138.333333 iter: 593
obj: 8.000000 time: 0.348167 gap: 137.500000 iter: 1267
obj: 6.000000 time: 0.573181 gap: 150.000000 iter: 1267
obj: 5.000000 time: 1.082365 gap: 160.000000 iter: 6178
obj: 3.000000 time: 1.117439 gap: 200.000000 iter: 6674
obj: 2.000000 time: 1.398777 gap: 250.000000 iter: 9241
obj: 1.000000 time: 2.056384 gap: 400.000000 iter: 14753
obj: 0.000000 time: 17.850463 gap: 2629661751951.460449 iter: 188826
obj: -1.000000 time: 117.661652 gap: 111.362728 iter: 1349207

obj: -1 time: 122.086
V1:  6 11 13 14 18 22 24 27 31 32 33 34 35 36 37 41 43 44 48 50 53 57 58 60 62 65 66 71 73 74 75 77 85 90 92 100 101 102 103 105 107 117 121 126 127 128 131 133 136 137 138 140 144 146 147 149 152 154 155 156 159 161 163 174 177 179 184 185 187 189 190 191 192 193 197
V2:  11 13 24 33 34 36 37 41 43 48 57 58 65 74 100 101 102 103 117 126 128 131 138 144 146 152 156 159 174 177 185 193
V3:  11 13 24 33 34 43 48 57 58 65 100 101 102 103 128 146 177
gap: 0
status: feasible
