obj: 21.000000 time: 0.008876 gap: 7.142857 iter: 18

obj: 20 time: 0.009153
V1:  5 8 9 10 15 21 22 23 24 25 26 28 30
V2:  5 8 9 10 15 21 22 23 24 25 26 28 30
V3:  5 9 10 15 21 23 24 25 26 28 30
gap: 0
status: feasible
