obj: 2.000000 time: 0.702169 gap: 1098.874557 iter: 2339
obj: -4.000000 time: 2.144162 gap: 398.145179 iter: 2656
obj: -6.000000 time: 8.495956 gap: 229.482299 iter: 25646
obj: -10.000000 time: 10.712112 gap: 97.689379 iter: 39487
obj: -11.000000 time: 14.035990 gap: 79.546577 iter: 51032
obj: -12.000000 time: 27.064436 gap: 64.584362 iter: 62702
obj: -13.000000 time: 40.358095 gap: 51.570717 iter: 90446

obj: -13 time: 1200.05
V1:  1 3 7 8 9 16 17 18 19 20 23 29 30 35 36 39 40 46 51 52 53 56 57 59 60 66 69 70 72 74 75 76 77 80 83 84 88 91 95 96 98 99 101 104 109 113 115 118 119 120 121 123 129 131 132 134 137 138 141 150 154 159 160 163 166 168 172 174 175 177 179 183 184 185 186 187 194 195 200 203 204 206 211 212 213 217 218 224 230 231 244 259 263 268 271 277 278 279 282 285 287 288 290 291 292 297 299 301 302 304 308 309 312 314 315 317 322 323 327 329 332 339 343 344 347 348 349 351 353 358 360 362 364 369 370 372 374 377 379 382 385 388 389 394 398 400 402 405 408 409 412 413 417 418 420 422 436 437 441 443 447 453 454 459 472 475 476 481 483 487 491 493 495 498
V2:  7 17 18 20 23 29 30 36 39 46 51 56 59 66 70 74 77 83 84 88 91 95 96 98 99 118 119 129 131 132 137 138 150 168 174 175 177 184 185 186 195 200 212 213 217 218 230 244 263 268 271 277 278 279 285 290 291 297 304 308 309 315 339 343 344 349 351 360 369 370 372 374 382 394 400 402 409 422 447 459 476 481 493 498
V3:  7 18 20 23 29 36 39 46 56 66 70 84 88 91 95 98 99 129 138 150 168 175 185 186 200 212 213 217 218 230 244 268 271 277 278 279 291 297 304 309 315 343 349 351 369 372 382 400 402 409 422 459 481 493 498
gap: 0.488772
status: feasible
