obj: 32.000000 time: 0.295200 gap: 102.352385 iter: 1795
obj: 27.000000 time: 0.820674 gap: 100.619848 iter: 2460
obj: 13.000000 time: 3.373027 gap: 98.951062 iter: 4248
obj: 10.000000 time: 6.347030 gap: 97.666427 iter: 24968
obj: 9.000000 time: 7.916307 gap: 97.395150 iter: 31249
obj: 8.000000 time: 17.131685 gap: 95.514085 iter: 40290
obj: 7.000000 time: 40.034297 gap: 92.283866 iter: 139057
obj: 6.000000 time: 49.126121 gap: 89.833326 iter: 181791

obj: 6 time: 1199.79
V1:  8 10 14 17 18 19 24 25 32 33 34 35 38 40 41 43 49 50 52 54 57 58 59 68 71 76 78 80 82 85 87 90 91 92 93 94 96 98 100 102 104 109 114 115 116 117 118 124 125 130 132 137 139 140 144 146 148 149 151 152 154 155 158 159 163 166 167 169 172 177 178 181 182 185 189 190 191 193 195 198 203 208 209 210 213 214 215 216 221 223 226 227 233 234 238 239 241 242 248 251 253 254 255 257 259 265 271 272 274 275 277 279 280 283 284 287 294 296 298 306 308 309 310 315 320 321 328 333 335 337 346 348 353 354 355 358 359 361 363 364 365 368 369 373 374 375 376 378 380 385 386 390 394 396
V2:  10 14 19 24 32 34 35 40 43 52 58 76 80 82 87 92 93 94 102 116 117 124 130 137 144 148 152 154 158 163 166 167 178 182 185 191 195 198 203 208 209 215 216 226 227 233 234 238 242 255 257 259 265 277 280 283 284 296 306 308 310 328 337 346 358 359 364 368 369 373 374 385 394
V3:  14 19 40 43 52 58 82 92 117 137 154 163 178 203 208 209 227 242 259 284 308 310 364 368 373
gap: 0.823412
status: feasible
