obj: 223.000000 time: 0.172050 gap: 32.759449 iter: 898
obj: 206.000000 time: 0.226909 gap: 24.015963 iter: 1164
obj: 195.000000 time: 0.378268 gap: 15.769659 iter: 2479
obj: 192.000000 time: 0.610034 gap: 10.769557 iter: 3925
obj: 185.000000 time: 0.873960 gap: 6.338492 iter: 5211
obj: 183.000000 time: 1.039874 gap: 4.899934 iter: 6037
obj: 181.000000 time: 1.376086 gap: 3.590831 iter: 6449
obj: 180.000000 time: 1.471673 gap: 2.972920 iter: 7705

obj: 178 time: 5.50574
V1:  1 2 4 5 7 8 10 13 15 17 18 21 26 29 31 32 33 36 39 44 45 46 48 49 51 52 53 55 59 60 63 65 66 70 71 76 77 79 85 86 87 92 95 98 100 101 103 104 105 106 109 110 111 112 113 114 115 117 120 124 132 133 136 140 141 144 146 148 150 151 152 154 155 159 160 161 164 165 169 171 172 176 177 178 186 187 189 193 195 196 201 205 206 208 211 213 214 216 217 219 222 223 224 225 226 227 228 233 236 239 243 247 251 252 254 258 261 262 264 265 266 271 272 273 274 275 281 286 287 289 290 294 296 297 300 301 302 303 304 307 309 316 317 319 321 322 323 327 329 330 332 338 339 343 345 346 348 354 360 362 363 364 365 367 370 374 377 380 384 386 388 389 391 392 393 395 396 397 405 406 409 410 411 412 416 421 428 429 430 436 438 442 446 447 449 450 452 455 458 460 467 469 472 473 477 480 482 483 484 485 497 498 499
V2:  2 4 5 8 13 15 17 18 21 26 29 31 32 33 36 39 44 46 48 49 51 53 55 59 60 63 66 70 71 86 92 95 100 103 104 105 110 111 112 113 114 115 117 120 124 132 133 136 140 141 144 146 150 154 155 159 161 165 171 172 176 177 186 187 189 193 195 196 201 205 206 208 211 213 214 216 217 219 222 224 225 227 233 236 239 243 247 251 254 258 261 262 264 265 271 273 275 287 290 294 296 300 301 302 304 307 309 316 319 322 323 327 329 332 338 339 346 354 360 362 363 365 367 370 377 380 384 388 389 391 392 393 396 405 406 409 411 412 416 421 429 430 436 442 458 460 467 472 473 480 482 485 497 498
V3:  2 5 13 18 21 29 31 32 33 36 39 46 48 49 60 66 70 71 86 92 100 103 110 111 112 113 114 115 117 124 132 133 136 141 144 150 154 159 161 165 171 177 186 187 189 196 205 208 213 214 216 217 222 224 225 227 233 254 261 262 264 273 287 294 296 300 301 302 304 307 322 327 329 332 338 339 346 363 377 380 388 391 392 396 405 409 411 421 429 430 436 458 460 467 472 473 485 498
gap: 0
status: feasible
