obj: 23.000000 time: 0.012266 gap: 4.347826 iter: 45

obj: 23 time: 0.024614
V1:  3 5 7 8 9 10 15 16 18 19 20 25 26 32 33 34 38 40 41 42 46 50
V2:  3 5 7 9 10 15 16 18 19 20 25 26 32 34 38 40 41 42 46 50
V3:  3 9 10 18 26 34 40 46 50
gap: 0
status: feasible
