obj: 17.000000 time: 0.205644 gap: 133.177251 iter: 1093
obj: 8.000000 time: 0.477417 gap: 168.545090 iter: 1300
obj: 6.000000 time: 1.010462 gap: 191.390034 iter: 1397
obj: 4.000000 time: 2.147694 gap: 234.606726 iter: 12354
obj: 0.000000 time: 3.490276 gap: 5380493159653.970703 iter: 17714
obj: -1.000000 time: 47.699254 gap: 396.176133 iter: 351956
obj: -2.000000 time: 70.289853 gap: 145.704706 iter: 490767

obj: -2 time: 1197.7
V1:  1 3 4 5 7 11 14 18 20 22 24 28 29 34 36 38 41 49 50 53 54 56 58 67 68 70 73 74 75 81 82 85 86 95 101 102 104 105 108 113 116 118 125 126 128 131 132 133 135 136 137 139 142 143 144 149 151 153 157 159 160 161 162 163 166 168 173 175 176 178 181 182 190 197 198 199 200 201 205 209 212 213 215 216 218 224 225 226 228 233 234 237 239 240 242 247 250 252 257 258 259 260 264 268 269 272 279 281 282 284 285 294 295 298 299 300
V2:  18 22 24 28 29 34 38 41 54 58 67 68 70 108 113 125 128 131 132 133 139 143 149 157 162 175 176 178 197 199 201 209 226 228 242 247 250 257 258 260 269 272 281 284 298 299
V3:  34 41 70 113 125 131 143 157 162 178 197 199 201 228 247 250 257 260 269 284
gap: 1.16549
status: feasible
