obj: 21.000000 time: 0.007879 gap: 7.142857 iter: 42

obj: 20 time: 0.011841
V1:  1 4 6 7 8 9 10 11 12 13 18 24 26 29 30
V2:  1 4 6 7 8 9 10 11 13 18 24 26 29 30
V3:  1 6 7 13 18 24
gap: 0
status: feasible
