obj: 13.000000 time: 0.356231 gap: 183.662427 iter: 1592
obj: 4.000000 time: 1.131808 gap: 364.851484 iter: 2063
obj: 0.000000 time: 1.515202 gap: 10561187926907.677734 iter: 2218
obj: -4.000000 time: 5.929635 gap: 161.030258 iter: 20819
obj: -5.000000 time: 95.499471 gap: 103.081772 iter: 511249
obj: -7.000000 time: 120.681060 gap: 44.931763 iter: 581706

obj: -7 time: 1200.19
V1:  2 4 6 8 12 14 17 19 20 28 29 34 35 36 37 41 44 45 46 47 48 49 51 55 60 65 66 68 69 71 74 78 83 84 86 92 95 103 106 109 111 112 113 116 118 120 121 122 123 127 128 129 133 135 138 142 144 145 146 148 149 151 152 154 155 158 160 161 168 170 174 176 177 179 180 182 185 191 193 199 206 209 216 222 227 228 229 235 240 242 244 246 249 251 253 255 262 270 271 272 283 284 287 292 293 299 301 303 309 310 313 319 324 330 334 336 339 340 341 342 344 345 346 348 349 352 354 357 362 364 367 372 375 377 386 387 394 395 396 398 399 400
V2:  2 6 14 17 20 34 36 44 45 49 55 65 69 74 83 84 103 106 111 112 113 118 121 123 127 138 145 146 151 152 154 158 170 177 179 182 191 193 199 209 216 227 235 240 246 253 255 270 283 284 301 303 310 313 330 334 339 340 345 346 348 349 352 362 367 377 395 396 398 399
V3:  2 14 17 36 44 45 55 65 69 74 83 103 111 112 113 118 138 145 146 152 158 170 182 191 193 199 235 255 270 303 310 313 334 339 346 349 395 396 399
gap: 0.402786
status: feasible
