obj: 189.000000 time: 0.128670 gap: 15.873016 iter: 438
obj: 181.000000 time: 0.150881 gap: 9.777815 iter: 578
obj: 171.000000 time: 0.173944 gap: 3.070175 iter: 695
obj: 170.000000 time: 0.385563 gap: 1.544676 iter: 1257
obj: 169.000000 time: 0.410450 gap: 0.000000 iter: 1787

obj: 169 time: 0.410916
V1:  2 4 5 6 10 13 16 18 19 21 22 25 27 28 29 32 33 35 36 37 38 43 44 45 46 50 51 52 53 54 56 57 58 62 67 68 69 70 75 76 77 78 83 84 85 86 89 91 92 95 96 102 104 107 110 111 116 118 119 122 124 126 127 128 130 131 132 133 136 137 138 140 141 147 149 155 156 158 165 167 169 172 174 178 181 182 184 186 187 189 191 192 193 194 195 198 201 203 204 205 206 208 210 211 214 220 223 224 225 226 227 229 233 235 239 240 252 253 254 255 256 258 264 266 269 270 284 285 286 287 290 291 294 296 298 306 307 310 311 317 322 325 327 328 332 333 338 339 342 348 349 351 352 353 354 361 362 364 365 367 370 372 374 376 381 383 385 388 389 392 399
V2:  2 4 5 16 19 21 25 27 29 33 35 36 38 43 45 46 50 51 56 57 62 67 68 69 70 76 77 78 83 86 91 92 95 102 104 107 110 111 116 119 124 126 127 128 130 132 133 136 137 138 140 141 147 149 155 156 158 165 167 169 172 174 178 181 182 184 186 187 189 191 192 193 194 198 201 203 205 206 208 210 214 220 223 224 225 226 227 229 235 240 253 254 255 258 264 269 270 285 286 287 290 291 298 306 307 310 311 317 325 327 328 332 333 338 339 348 349 352 354 361 362 364 365 370 372 374 376 383 389 392 399
V3:  2 4 5 16 19 21 25 27 29 35 36 38 43 46 50 51 57 67 68 69 70 76 83 86 91 95 104 107 110 116 124 126 127 128 132 133 136 137 138 140 141 147 149 155 156 165 167 169 172 178 181 182 184 186 187 189 191 192 193 194 198 201 203 205 208 210 214 220 223 225 226 227 235 253 254 258 264 285 287 290 298 306 310 311 325 327 332 338 339 362 370 372 374 376 392 399
gap: 0
status: feasible
