obj: 189.000000 time: 0.038801 gap: 1.455026 iter: 21
obj: 188.000000 time: 0.041028 gap: 0.531915 iter: 52

obj: 188 time: 0.042905
V1:  1 2 3 4 5 6 7 8 9 11 13 14 15 16 17 18 19 20 23 30 31 33 34 35 37 38 39 40 42 43 46 47 48 49 50 51 52 54 55 58 61 63 64 65 68 69 72 74 75 78 79 80 81 82 84 85 86 87 91 92 93 94 97 98 99 100 104 105 107 110 112 113 114 117 119 121 123 124 125 126 127 128 129 130 132 133 136 137 139 140 141 142 143 144 146 147 149 153 157 159 161 167 169 174 176 178 179 182 184 186 187 192 193 198 199
V2:  1 2 3 4 5 6 7 8 9 13 14 15 16 17 18 19 20 23 30 31 34 35 37 38 39 40 42 43 46 47 48 49 50 51 52 54 55 58 61 63 64 65 68 69 72 74 75 78 79 80 81 82 85 86 87 91 92 93 94 97 98 99 100 104 105 107 110 112 113 114 117 119 121 123 124 125 126 127 128 130 132 133 137 139 140 141 142 143 144 146 149 159 161 167 169 174 176 178 182 192 198 199
V3:  1 3 4 5 6 9 13 14 15 16 17 19 23 30 31 35 38 39 40 43 46 49 50 51 54 55 61 63 64 68 72 74 78 81 82 91 92 93 100 104 110 112 113 114 119 121 123 124 125 139 140 141 144 146 161 182
gap: 0
status: feasible
