obj: 24.000000 time: 0.526192 gap: 129.239976 iter: 2331
obj: 16.000000 time: 1.329317 gap: 139.899035 iter: 2959
obj: 14.000000 time: 8.919466 gap: 143.468733 iter: 33776
obj: 9.000000 time: 12.269117 gap: 167.616701 iter: 42260
obj: 7.000000 time: 25.549388 gap: 185.255078 iter: 52114
obj: 5.000000 time: 36.380649 gap: 219.207110 iter: 83546
obj: 4.000000 time: 44.923184 gap: 248.735060 iter: 110942
obj: 3.000000 time: 68.806153 gap: 294.336146 iter: 206680
obj: 2.000000 time: 647.542128 gap: 383.239420 iter: 2752945
obj: 1.000000 time: 1126.798060 gap: 653.959393 iter: 4618146

obj: 1 time: 1199.92
V1:  1 2 4 5 6 7 8 14 17 19 22 28 31 34 42 43 45 50 51 53 55 56 57 59 62 63 65 66 68 72 73 74 81 84 91 92 95 96 98 100 101 102 106 107 108 110 111 116 118 121 125 133 136 139 141 143 144 145 146 147 150 153 155 158 161 163 171 172 176 180 181 184 187 188 193 196 197 200 201 207 211 212 215 216 217 221 223 232 233 234 238 239 247 248 249 250 252 255 258 259 263 268 271 274 275 277 278 282 283 284 291 292 294 295 296 298 299 301 306 311 313 316 317 320 332 335 338 339 340 341 345 349 353 355 356 358 359 360 361 363 370 374 377 378 380 381 382 385 390 395 396 400 404 406 408 409 410 411 412 414 417 419 422 423 425 426 428 429 432 435 439 440 445 446 448 453 460 465 468 473 475 476 477 478 479 484 485 488 496 497 498 500
V2:  1 6 8 14 19 22 28 31 42 50 51 53 57 59 63 66 72 81 95 101 102 118 133 141 144 147 150 171 172 193 197 200 207 212 223 248 250 268 271 274 277 283 295 299 301 317 339 349 353 356 358 360 363 380 385 400 406 410 411 417 422 423 426 429 432 439 448 465 468 476 477 478 484 485 488 498 500
V3:  1 6 8 14 28 42 63 95 101 102 118 133 141 144 147 171 172 197 223 248 250 268 274 277 301 317 349 353 363 380 385 410 422 426 429 476 485 488 498 500
gap: 6.52958
status: feasible
