obj: 66.000000 time: 0.117263 gap: 67.061924 iter: 1186
obj: 61.000000 time: 0.446309 gap: 60.040798 iter: 2633
obj: 49.000000 time: 0.767263 gap: 47.132169 iter: 4191
obj: 44.000000 time: 0.812186 gap: 41.124461 iter: 4191
obj: 37.000000 time: 2.444652 gap: 25.786825 iter: 8092
obj: 34.000000 time: 82.236692 gap: 14.795022 iter: 481869
obj: 33.000000 time: 519.721727 gap: 9.418884 iter: 3430927
obj: 32.000000 time: 544.035926 gap: 6.486769 iter: 3586150

obj: 32 time: 1200
V1:  2 3 7 8 9 13 14 15 17 18 19 20 22 23 24 26 28 29 31 36 37 41 42 44 45 49 50 51 57 58 65 67 71 75 76 77 78 86 90 92 95 96 100 103 112 116 117 119 120 121 123 129 130 133 138 141 152 156 159 165 168 171 172 174 175 176 177 179 180 181 183 185 187 189 190 191 192 196 199 200 201 204 207 209 213 217 219 221 222 223 226 228 229 234 236 237 238 245 246 248 249 250 255 256 257 261 262 264 267 269 272 273 283 286 287 288 289 290 292 297
V2:  3 9 15 17 22 23 24 26 28 29 31 37 44 45 49 50 51 57 65 67 71 75 77 86 90 95 96 103 112 116 119 121 130 133 141 152 156 171 172 175 177 179 180 181 187 192 196 209 213 217 234 236 237 245 246 248 250 255 256 257 267 269 273 283 286 288 289 290
V3:  3 15 17 31 37 44 57 65 86 103 121 133 141 152 177 180 192 245 248 256 257 283 286 290
gap: 0.0437638
status: feasible
