obj: 7.000000 time: 0.604305 gap: 351.604725 iter: 2087
obj: -5.000000 time: 1.783460 gap: 244.011417 iter: 2554
obj: -8.000000 time: 8.573648 gap: 113.037438 iter: 30184
obj: -9.000000 time: 8.681536 gap: 89.366612 iter: 30827
obj: -11.000000 time: 12.240919 gap: 54.935550 iter: 41262
obj: -12.000000 time: 121.195738 gap: 40.374655 iter: 361154
obj: -13.000000 time: 615.224197 gap: 28.682854 iter: 2001890
obj: -14.000000 time: 925.613179 gap: 19.088258 iter: 3140274

obj: -14 time: 1200.19
V1:  1 2 4 5 8 10 11 13 14 19 24 30 36 38 39 42 43 45 46 47 50 52 54 59 60 61 63 64 67 68 72 76 78 80 81 84 86 92 95 96 97 107 108 109 111 113 119 120 127 132 134 135 136 144 145 146 148 149 162 164 166 167 168 170 172 173 180 182 186 188 194 196 197 201 206 210 211 213 218 219 223 225 226 229 231 232 234 235 238 239 245 249 250 251 252 254 258 262 263 267 274 279 285 286 287 288 289 290 291 294 300 304 307 310 311 312 313 317 321 323 326 329 334 344 346 353 354 355 360 361 373 374 375 380 386 388 390 393 394 398 399 400 407 410 413 415 416 417 419 420 423 436 437 438 440 442 444 445 447 448 449 451 453 455 457 458 466 468 471 476 477 481 482 487 491 494 495 496 499
V2:  2 4 5 13 14 19 30 36 45 52 54 61 63 64 68 72 76 78 92 97 111 113 119 120 135 144 145 146 149 166 167 168 170 172 173 180 182 186 194 206 210 213 225 226 238 250 252 258 262 263 267 274 286 287 289 290 291 304 310 312 313 317 321 334 344 353 355 360 361 373 374 390 400 410 413 420 423 440 445 447 451 466 468 481 482 494
V3:  5 14 19 30 45 52 54 72 78 92 120 135 144 166 167 170 173 186 194 213 226 250 252 263 267 274 290 291 313 321 344 353 374 390 410 413 420 423 447 451 466 482
gap: 0.187728
status: feasible
