obj: 47.000000 time: 0.020117 gap: 8.510638 iter: 37
obj: 44.000000 time: 0.022021 gap: 2.272727 iter: 52

obj: 44 time: 0.025804
V1:  2 4 8 10 11 13 15 18 19 20 21 22 26 27 28 29 31 32 34 36 40 43 44 45 48 49 51 52 56 59 60 64 65 74 76 77 79
V2:  2 4 10 11 13 15 18 19 20 21 22 26 27 31 32 34 36 40 43 44 48 49 51 52 56 59 64 65 74 77 79
V3:  11 13 15 18 21 22 27 31 32 36 40 43 48 49 52 56 74 77 79
gap: 0
status: feasible
