obj: 27.000000 time: 0.019927 gap: 55.555556 iter: 266
obj: 20.000000 time: 0.035533 gap: 36.000000 iter: 372
obj: 18.000000 time: 0.103882 gap: 20.949558 iter: 950
obj: 17.000000 time: 0.235567 gap: 13.887455 iter: 1442
obj: 16.000000 time: 0.278919 gap: 8.122363 iter: 2724
obj: 15.000000 time: 0.286147 gap: 0.000000 iter: 2819

obj: 15 time: 0.286391
V1:  2 4 6 8 10 11 14 24 31 32 36 37 38 42 43 45 46 49 50 54 56 58 61 62 63 67 69 71 74 78 79 80 82 83 84 86 90 96 97 98
V2:  2 4 6 10 31 32 38 45 46 49 50 58 62 63 67 71 74 79 80 83 86 90 97 98
V3:  2 4 6 31 49 50 62 74 79 83 90
gap: 0
status: feasible
