obj: 26.000000 time: 0.073303 gap: 73.076923 iter: 615
obj: 21.000000 time: 0.394290 gap: 57.943326 iter: 2227
obj: 17.000000 time: 1.366721 gap: 42.444073 iter: 5352
obj: 16.000000 time: 1.956774 gap: 38.111608 iter: 12428
obj: 15.000000 time: 2.341793 gap: 33.925630 iter: 16469
obj: 14.000000 time: 8.836470 gap: 26.104576 iter: 53613
obj: 13.000000 time: 8.985028 gap: 20.303938 iter: 54951
obj: 12.000000 time: 9.704545 gap: 12.981891 iter: 61513
obj: 11.000000 time: 12.067316 gap: 0.000000 iter: 83082

obj: 11 time: 12.0692
V1:  3 6 8 10 12 13 15 24 25 26 27 29 32 39 41 48 52 53 59 62 65 67 71 75 78 81 83 84 85 87 92 93 97 99 103 107 108 120 123 130 132 137 139 141 143 146 150 154 155 158 162 163 166 167 169 171 175 176 177 178 179 182 185 186 187 188 190 192 193 194 199 200
V2:  3 6 10 12 13 32 39 41 48 52 59 62 67 78 83 85 87 92 93 103 107 108 120 123 139 141 146 150 154 166 167 171 175 176 177 179 182 185 187 188 192 193 194 199 200
V3:  10 13 32 52 59 62 67 83 85 87 92 93 123 141 146 166 175 176 179 185 192 199
gap: 0
status: feasible
