obj: 15.000000 time: 0.011391 gap: 43.333333 iter: 133
obj: 14.000000 time: 0.020669 gap: 28.157350 iter: 234
obj: 13.000000 time: 0.023957 gap: 22.144522 iter: 282
obj: 12.000000 time: 0.054465 gap: 12.500000 iter: 593
obj: 11.000000 time: 0.068377 gap: 0.000000 iter: 1124

obj: 11 time: 0.068609
V1:  5 7 9 11 12 15 16 18 20 22 23 25 26 27 28 34 36 37 38 40
V2:  9 11 15 16 18 20 22 25 27 28 34 36 37
V3:  9 15 18 22 25 27 34 37
gap: 0
status: feasible
