obj: 21.000000 time: 0.126478 gap: 92.264890 iter: 994
obj: 18.000000 time: 0.705080 gap: 86.468454 iter: 2026
obj: 13.000000 time: 1.649280 gap: 80.949387 iter: 2442
obj: 12.000000 time: 2.846900 gap: 78.712218 iter: 13998
obj: 9.000000 time: 7.497448 gap: 70.065603 iter: 25530
obj: 8.000000 time: 19.157179 gap: 63.298630 iter: 100963
obj: 7.000000 time: 32.987313 gap: 56.527302 iter: 214116
obj: 6.000000 time: 43.530050 gap: 48.078074 iter: 294727
obj: 5.000000 time: 757.752811 gap: 20.726231 iter: 5862224

obj: 5 time: 764.023
V1:  6 7 13 14 20 26 29 30 31 32 34 36 37 38 39 40 45 46 47 67 70 71 78 80 81 82 83 84 86 90 95 96 98 99 100 101 104 107 111 112 113 114 115 116 117 118 122 123 125 126 128 130 131 133 139 146 147 148 149 150 154 155 156 157 158 160 164 165 168 177 178 181 182 183 185 186 187 197 198 201 202 203 204 208 211 216 218 219 231 233 236 238 241 244 245 247 251 252 253 259 264 270 273 276 278 280 282 285 289 292 293 294 300
V2:  7 14 20 31 32 39 40 45 47 67 70 71 78 80 81 84 95 99 100 104 107 111 112 113 114 122 123 130 131 133 146 147 156 164 165 178 181 186 198 201 202 204 208 211 219 231 233 241 245 247 259 270 276 280 294 300
V3:  20 40 47 78 95 100 111 122 123 131 147 164 178 181 198 201 202 208 231 241 245 259 276
gap: 0
status: feasible
