obj: 61.000000 time: 0.042271 gap: 55.874317 iter: 633
obj: 58.000000 time: 0.306877 gap: 40.722128 iter: 2553
obj: 52.000000 time: 0.365761 gap: 32.879424 iter: 2941
obj: 47.000000 time: 0.930834 gap: 16.817126 iter: 5693
obj: 44.000000 time: 1.321858 gap: 10.974564 iter: 13156
obj: 43.000000 time: 1.418176 gap: 8.894368 iter: 14488
obj: 42.000000 time: 7.230482 gap: 5.091551 iter: 72618

obj: 42 time: 46.3621
V1:  4 5 6 12 15 17 18 19 20 21 22 25 26 27 29 30 33 37 42 43 44 45 50 53 55 56 57 62 63 64 67 71 74 75 76 81 83 88 93 99 105 106 109 111 116 117 120 121 129 130 131 132 137 139 140 141 143 146 147 148 150 154 156 157 158 159 162 163 169 172 176 179 182 184 186 187 188 189 193 194 197
V2:  4 6 12 15 17 19 20 21 26 27 29 30 33 37 42 43 45 56 62 63 67 71 74 75 81 83 88 93 99 106 111 116 120 121 129 130 131 132 139 147 148 154 156 157 158 162 169 176 182 186 188 189 194
V3:  4 15 19 21 29 43 56 62 67 74 75 88 99 111 120 129 131 132 139 147 156 158 162 169 186 188 189
gap: 0
status: feasible
