obj: 203.000000 time: 0.069160 gap: 4.433498 iter: 74
obj: 199.000000 time: 0.072159 gap: 2.289224 iter: 102
obj: 198.000000 time: 0.076151 gap: 1.094276 iter: 144

obj: 198 time: 0.109747
V1:  1 3 4 6 8 9 10 11 12 13 14 15 16 18 19 20 22 23 25 26 28 33 38 40 41 42 43 48 49 52 53 55 56 58 60 64 65 66 69 70 71 73 74 79 83 86 87 88 89 90 91 95 96 97 101 103 104 105 109 115 117 118 122 123 126 128 131 132 133 136 137 138 143 144 151 152 157 159 160 161 162 164 165 166 168 169 170 171 174 175 176 178 181 186 187 188 191 194 195 196 200 202 203 204 205 206 208 210 211 212 213 217 218 219 221 223 229 230 232 235 237 238 239 240 243 249 251 253 256 257 259 260 261 263 265 267 269 270 271 274 283 287 288 294 295 296 297 299 300
V2:  1 3 4 6 8 9 11 12 13 14 15 16 18 20 23 25 26 28 33 38 40 41 43 48 49 52 53 55 56 58 60 64 65 66 69 73 74 79 83 86 88 89 90 91 95 96 97 101 103 104 105 115 117 118 122 126 128 131 132 133 136 137 138 143 144 151 152 157 159 160 161 162 164 165 168 169 170 171 174 175 176 178 187 191 194 195 196 200 205 206 208 210 211 212 213 217 218 219 221 223 229 235 237 238 239 240 249 251 253 256 259 260 263 265 267 269 270 271 274 283 287 288 294 295 296 297 299
V3:  1 4 6 8 9 12 14 20 23 25 26 33 38 40 43 48 49 52 53 55 58 64 65 66 73 79 83 86 90 91 95 96 97 103 105 115 117 118 122 128 131 133 136 137 144 151 157 168 169 170 171 174 176 187 194 205 206 208 212 213 217 218 221 237 239 263 265 270 271 288 295 296 297
gap: 0
status: feasible
