obj: 57.000000 time: 0.132979 gap: 71.413283 iter: 1159
obj: 51.000000 time: 0.539117 gap: 65.363125 iter: 2282
obj: 44.000000 time: 2.971920 gap: 56.189169 iter: 7898
obj: 39.000000 time: 5.175623 gap: 50.548243 iter: 26264
obj: 34.000000 time: 5.229928 gap: 43.275926 iter: 26592
obj: 31.000000 time: 6.168297 gap: 37.451497 iter: 31547
obj: 28.000000 time: 15.008238 gap: 28.812549 iter: 43153
obj: 27.000000 time: 27.565714 gap: 25.277754 iter: 102121
obj: 26.000000 time: 1143.207160 gap: 17.781757 iter: 6345274
obj: 25.000000 time: 1158.758825 gap: 14.478402 iter: 6386099

obj: 25 time: 1199.6
V1:  1 2 4 5 6 12 18 19 20 24 30 35 44 48 49 50 52 55 56 57 59 63 64 67 69 74 83 85 86 87 91 92 96 97 99 101 102 104 105 109 110 113 119 121 122 124 129 132 136 138 140 141 144 148 149 150 151 154 155 160 166 168 170 173 184 185 188 191 193 194 195 198 199 200 202 204 211 216 220 222 225 226 231 236 237 241 242 246 248 249 250 252 254 259 260 262 263 264 266 268 272 274 278 282 286 287 288 293 294 298 302 304 312 313 314 316 317 319 321 323 324 327 331 333 334 336 337 338 342 343 344 348 352 353 354 355 359 362 363 364 365 366 367 368 369 370 372 373 374 377 385 386 387 392 395
V2:  6 18 20 35 44 49 56 63 64 67 85 86 87 91 96 97 99 102 104 109 110 119 121 124 132 140 141 144 148 149 155 166 168 184 185 191 194 195 200 211 216 222 225 226 231 236 241 242 246 249 250 260 268 274 278 286 287 288 294 302 304 313 316 317 319 321 327 331 333 337 352 355 359 363 364 367 370 373 385 386 387 392
V3:  18 35 64 85 91 99 102 104 119 132 148 155 184 185 191 225 241 246 249 260 268 278 287 288 302 313 317 331 337 352 355 373 386
gap: 0.144352
status: feasible
