obj: 11.000000 time: 0.384941 gap: 219.405089 iter: 1609
obj: 3.000000 time: 1.264819 gap: 529.567930 iter: 2116
obj: -3.000000 time: 2.939987 gap: 327.088406 iter: 2461
obj: -5.000000 time: 6.066889 gap: 155.899889 iter: 26100
obj: -7.000000 time: 8.340731 gap: 82.470709 iter: 35225
obj: -8.000000 time: 146.061782 gap: 56.139109 iter: 594412
obj: -9.000000 time: 713.193028 gap: 37.552114 iter: 3016422

obj: -9 time: 1200.29
V1:  1 4 5 7 12 13 14 16 18 19 21 24 25 34 35 40 42 46 49 51 57 62 63 66 69 70 75 79 82 83 86 87 88 94 95 96 100 104 105 106 109 111 112 113 116 118 120 125 127 128 134 135 139 141 142 145 147 148 150 151 153 154 157 164 170 172 173 174 175 176 177 199 206 210 211 218 224 231 234 236 237 241 243 244 245 246 247 251 254 255 270 276 279 280 282 286 294 296 297 298 301 302 306 310 313 314 315 320 323 326 327 328 332 336 339 342 344 350 354 355 357 359 360 363 364 367 368 373 376 377 378 380 390 395 399 400
V2:  1 5 16 18 34 35 40 42 46 49 57 62 63 66 69 70 75 79 86 94 96 104 105 109 111 112 113 116 118 135 139 145 148 151 153 157 164 173 174 176 177 199 206 218 236 243 246 247 270 276 280 282 286 294 296 298 302 306 310 314 320 323 326 328 332 339 344 350 354 357 360 364 373 376 377 390
V3:  1 16 34 35 40 42 46 49 63 69 70 86 94 109 111 118 148 151 157 164 173 176 199 206 236 243 246 276 286 298 302 306 310 314 320 326 332 339 350 360 373 376 390
gap: 0.36549
status: feasible
