obj: 42.000000 time: 0.005646 gap: 2.380952 iter: 8

obj: 42 time: 0.005925
V1:  1 3 4 5 6 7 8 11 12 14 16 17 18 19 20 21 22 23 24 27 28 29 30
V2:  1 3 4 5 6 7 8 11 12 14 16 17 18 19 20 21 22 23 24 28 29
V3:  5 8 12 18 23
gap: 0
status: feasible
