obj: 22.000000 time: 0.005153 gap: 4.545455 iter: 11

obj: 22 time: 0.008278
V1:  3 6 7 8 10 12 13 14 16 17 18 19 20
V2:  3 6 7 10 12 13 14 16 17 18 19 20
V3:  3 7 10 17
gap: 0
status: feasible
