obj: 5.000000 time: 0.590715 gap: 472.964370 iter: 2186
obj: -5.000000 time: 1.808693 gap: 269.611175 iter: 2557
obj: -11.000000 time: 8.977976 gap: 65.504994 iter: 30887
obj: -12.000000 time: 668.054543 gap: 49.133583 iter: 2718945
obj: -13.000000 time: 671.170408 gap: 37.661769 iter: 2726662
obj: -14.000000 time: 746.055132 gap: 27.741104 iter: 3093629

obj: -14 time: 1200.04
V1:  2 10 11 13 14 16 17 19 20 22 26 28 30 32 36 37 38 44 45 49 51 52 54 58 62 63 67 69 71 73 74 85 88 92 94 96 106 113 117 123 127 128 135 136 137 138 140 143 149 152 153 156 157 158 159 164 167 169 174 175 184 188 190 193 200 203 206 209 210 214 218 220 221 223 226 229 233 234 235 239 242 243 247 248 250 252 253 255 258 259 260 265 269 272 276 278 281 286 287 288 289 296 299 300 301 303 304 308 310 314 322 324 325 328 329 337 340 342 345 346 349 354 355 359 362 366 367 370 371 372 373 375 376 377 380 382 385 387 390 393 395 397 398 399 403 405 412 414 415 419 420 425 427 429 430 431 434 437 438 439 442 445 453 462 463 471 472 474 486 488 490 495 497 498 499 500
V2:  2 10 14 20 22 36 37 44 49 51 88 94 96 117 128 135 136 137 149 159 175 200 203 206 209 210 220 221 223 229 233 234 239 243 247 248 260 265 269 278 281 286 287 296 299 300 304 308 310 325 328 346 349 354 355 359 362 367 372 373 375 380 382 385 398 399 405 412 414 419 425 427 431 437 453 471 472 474 486 490 495 498
V3:  2 10 14 22 37 44 51 88 96 128 135 159 175 200 206 210 220 223 229 239 247 248 260 265 269 278 281 287 296 299 304 310 328 355 359 362 372 373 375 380 382 385 398 405 414 419 425 427 431 437 453 472
gap: 0.273586
status: feasible
