obj: 3.000000 time: 0.356572 gap: 494.572968 iter: 1433
obj: 0.000000 time: 1.293880 gap: 11432494778789.361328 iter: 1954
obj: -1.000000 time: 2.826504 gap: 1038.232521 iter: 2438
obj: -3.000000 time: 6.209028 gap: 278.845653 iter: 25073
obj: -5.000000 time: 8.287133 gap: 127.173436 iter: 33716
obj: -6.000000 time: 66.812979 gap: 83.994310 iter: 265440
obj: -7.000000 time: 155.007932 gap: 56.426310 iter: 663256

obj: -7 time: 1200.03
V1:  3 10 14 15 16 17 18 19 24 27 37 39 40 41 46 47 51 53 54 56 57 59 60 61 62 72 75 76 78 81 82 84 85 86 88 89 90 93 94 98 102 104 105 109 111 117 125 128 131 132 133 134 135 136 138 139 144 146 147 149 153 154 155 162 164 168 170 171 172 178 186 189 192 199 205 206 213 214 220 224 227 228 229 230 233 235 236 237 240 241 245 247 248 250 256 260 261 262 263 265 266 269 271 272 280 283 285 289 290 292 294 296 299 301 312 316 323 325 327 329 334 335 348 351 353 354 356 357 358 360 361 365 368 370 375 382 383 385 388 390 391 392 396 399
V2:  15 16 18 27 41 46 53 54 57 60 76 85 86 90 104 105 109 111 117 128 133 134 139 147 149 153 162 164 171 172 192 199 205 206 214 220 224 237 240 241 247 250 256 260 265 269 280 283 290 292 294 296 299 312 323 327 329 351 353 358 368 382 385 388 391 392 396 399
V3:  16 46 60 76 85 86 105 109 111 117 133 134 139 171 192 206 214 220 224 237 240 241 250 256 260 265 280 312 323 327 353 358 382 385 392 396 399
gap: 0.520266
status: feasible
