obj: 69.000000 time: 0.169208 gap: 63.923677 iter: 1657
obj: 57.000000 time: 0.548305 gap: 53.163752 iter: 2876
obj: 42.000000 time: 2.318129 gap: 29.820404 iter: 8340
obj: 39.000000 time: 25.606187 gap: 20.520838 iter: 144513
obj: 38.000000 time: 41.080325 gap: 18.190731 iter: 268509
obj: 36.000000 time: 69.095797 gap: 13.564436 iter: 437681
obj: 35.000000 time: 875.932145 gap: 7.971721 iter: 5831116

obj: 35 time: 1199.83
V1:  4 5 6 11 15 17 21 23 26 28 34 36 39 40 41 42 45 46 48 58 61 65 66 68 69 71 73 75 81 82 85 86 87 89 91 92 94 101 102 103 109 110 111 113 114 116 117 118 122 124 126 127 131 134 137 138 139 143 146 147 150 153 154 155 157 161 163 171 172 175 178 179 181 185 187 191 199 201 206 208 212 214 215 216 217 218 220 223 225 226 228 231 232 233 234 237 241 243 247 248 249 251 253 258 259 265 267 270 272 273 276 277 281 283 288 292 294 297 298 300
V2:  4 6 11 21 23 26 28 36 39 40 45 48 61 65 69 71 73 75 82 86 87 89 91 92 109 116 117 118 122 126 131 134 138 143 147 150 153 154 161 163 171 172 178 181 185 187 199 201 206 212 215 220 226 228 232 234 243 249 253 259 270 273 276 277 283 292 297 298
V3:  4 23 39 45 61 65 69 71 75 86 109 116 117 131 134 138 185 201 212 220 226 270 273 276 292 297 298
gap: 0.0758756
status: feasible
