obj: 54.000000 time: 0.039199 gap: 11.574074 iter: 143
obj: 53.000000 time: 0.085753 gap: 1.926101 iter: 637

obj: 53 time: 0.088139
V1:  3 4 5 9 10 11 13 14 15 16 19 21 24 25 27 29 30 34 36 37 38 45 47 51 52 54 55 56 60 61 64 65 67 68 69 70 74 77 81 85 89 91 92 93 94 97
V2:  3 5 9 10 11 13 15 21 25 27 29 30 34 36 37 45 47 51 52 54 56 60 61 64 65 67 68 70 74 77 81 89 91 92 93 94 97
V3:  9 10 11 15 25 27 30 34 36 37 45 47 52 56 60 67 68 70 74 77 91 93 94 97
gap: 0
status: feasible
