obj: 197.000000 time: 0.060034 gap: 4.060914 iter: 111
obj: 192.000000 time: 0.065637 gap: 1.432292 iter: 136
obj: 191.000000 time: 0.070469 gap: 0.785340 iter: 170

obj: 191 time: 0.075604
V1:  3 5 8 11 13 15 17 18 19 21 23 26 28 29 30 32 33 34 35 37 38 42 45 46 49 50 51 52 53 54 56 58 62 64 66 68 70 71 73 74 75 77 81 83 84 89 94 95 96 98 101 105 107 108 109 111 115 116 117 118 120 121 126 131 133 135 136 138 140 141 143 145 148 149 152 154 155 157 160 161 162 163 165 166 169 170 171 172 173 174 177 184 189 190 195 199 200 207 210 211 212 215 216 218 219 220 222 223 224 227 230 232 234 235 236 237 239 240 242 244 245 249 251 253 254 255 260 261 263 266 269 271 273 274 276 278 279 281 282 284 285 286 288 290 299
V2:  5 11 13 15 18 19 21 23 26 28 29 30 32 33 34 35 37 38 42 45 46 49 50 51 52 53 54 56 58 62 64 66 68 71 73 74 75 77 81 84 89 95 96 98 105 107 109 111 115 116 117 118 120 121 126 131 133 135 136 138 141 145 148 149 154 155 160 161 162 163 165 166 169 171 172 173 174 177 184 189 190 195 199 200 207 210 211 212 216 218 219 220 222 223 224 227 230 232 235 237 239 240 242 244 245 249 253 255 260 261 263 269 273 274 276 278 279 281 282 285 286 288 290 299
V3:  11 13 15 26 30 33 34 35 37 38 45 50 52 53 54 56 62 64 66 68 73 74 75 77 81 84 89 98 109 111 115 116 117 120 121 126 131 135 136 145 148 149 155 161 163 165 166 173 174 177 184 189 195 200 211 219 222 223 224 227 230 235 240 242 245 249 261 263 269 273 274 279 282 285 286 288 299
gap: 0
status: feasible
