obj: 30.000000 time: 0.142276 gap: 98.436530 iter: 1173
obj: 17.000000 time: 0.599688 gap: 94.956742 iter: 1945
obj: 14.000000 time: 0.659935 gap: 93.721921 iter: 2020
obj: 11.000000 time: 1.428283 gap: 91.344413 iter: 2405
obj: 10.000000 time: 32.167352 gap: 84.325602 iter: 176669
obj: 9.000000 time: 37.493727 gap: 81.989603 iter: 212877
obj: 8.000000 time: 47.751279 gap: 79.407891 iter: 287431
obj: 7.000000 time: 259.828263 gap: 67.807879 iter: 2012629
obj: 6.000000 time: 260.739246 gap: 62.436789 iter: 2016778

obj: 6 time: 1199.73
V1:  2 6 8 11 13 14 17 21 22 23 24 27 33 34 35 38 44 47 48 49 52 54 55 60 63 67 70 71 73 74 78 80 82 83 87 88 89 91 92 94 95 102 103 105 106 107 110 111 113 114 119 120 127 129 131 132 133 136 138 140 141 150 151 152 153 155 156 160 161 165 168 173 178 179 181 183 184 187 188 190 192 194 196 201 202 209 212 213 214 215 217 219 220 223 227 229 231 242 243 245 250 251 256 257 259 261 266 270 271 274 276 277 285 286 287 288 295 297 300
V2:  2 8 13 14 17 21 27 34 38 48 49 54 63 71 74 78 87 88 91 103 113 119 131 136 141 150 151 153 160 161 178 181 183 188 194 209 212 213 214 223 231 245 250 251 259 266 286
V3:  13 14 17 34 48 49 71 78 87 88 91 113 150 151 153 161 194 212 214 250 266
gap: 0.547298
status: feasible
