obj: 136.000000 time: 0.015542 gap: 1.286765 iter: 16

obj: 135 time: 0.017764
V1:  3 4 5 6 7 8 9 10 11 12 14 16 19 20 22 23 24 25 27 28 29 30 31 32 33 34 35 36 37 38 41 42 43 44 46 47 48 51 54 55 56 57 58 60 61 62 63 65 67 68 69 70 71 74 75 76 77 78 79 80 81 82 84 85 87 89 90 91 92 93 94 97
V2:  3 4 5 6 7 8 9 10 11 12 14 16 19 20 22 23 24 25 27 28 29 30 31 32 33 34 35 36 37 38 41 42 43 44 46 47 48 51 54 55 56 57 58 60 61 62 63 65 67 68 69 70 71 74 75 76 77 78 79 81 82 84 85 87 89 90 91 92 93 94 97
V3:  4 8 11 14 16 27 30 36 38 41 44 51 54 55 57 67 68 74 78 79
gap: 0
status: feasible
