obj: 216.000000 time: 0.039405 gap: 0.925926 iter: 40

obj: 216 time: 0.042988
V1:  3 4 5 7 9 10 11 12 13 15 17 18 19 20 22 23 24 26 27 28 29 31 33 36 37 38 39 40 41 43 45 46 48 49 51 52 53 54 55 56 57 58 61 62 63 65 68 69 70 71 74 76 78 79 80 81 82 84 85 86 88 89 90 91 92 93 94 95 96 97 99 100 102 103 104 105 106 108 113 114 116 118 119 121 125 127 128 129 131 132 133 134 135 137 138 143 145 149 151 152 153 158 159 160 161 162 164 167 168 169 170 171 173 176 179 182 185 186 188 190 191 192 194 196 198
V2:  3 4 5 7 9 10 11 12 13 15 17 18 19 20 22 23 24 26 27 28 29 31 33 36 37 38 39 40 41 43 45 46 48 49 51 52 53 54 55 56 57 58 61 62 63 65 68 69 70 71 74 76 78 79 80 82 84 85 86 88 90 91 92 93 94 95 96 97 99 100 102 103 104 105 106 108 113 114 116 118 119 121 125 128 129 131 132 133 134 135 137 138 143 145 149 151 152 153 158 159 160 161 162 164 167 168 169 171 173 176 179 185 186 188 190 194
V3:  9 10 13 19 20 24 31 36 45 46 48 49 51 54 58 61 62 63 68 69 70 71 78 80 84 85 86 88 90 92 93 95 96 97 99 100 102 104 108 114 116 119 131 133 134 135 145 158 171 185
gap: 0
status: feasible
