obj: 23.000000 time: 0.459936 gap: 126.496470 iter: 2283
obj: 20.000000 time: 1.194315 gap: 128.307571 iter: 2847
obj: 13.000000 time: 4.935850 gap: 140.033842 iter: 4675
obj: 11.000000 time: 10.624902 gap: 147.089147 iter: 45635
obj: 10.000000 time: 11.008752 gap: 151.798062 iter: 49099
obj: 7.000000 time: 14.766746 gap: 173.583039 iter: 62801
obj: 4.000000 time: 30.472078 gap: 224.181094 iter: 77280
obj: 3.000000 time: 153.787738 gap: 259.726390 iter: 563374
obj: 2.000000 time: 652.000400 gap: 330.277328 iter: 2332328

obj: 2 time: 1200.06
V1:  5 12 13 16 18 19 21 23 32 33 37 38 39 40 41 42 43 44 48 50 57 62 64 67 69 70 76 82 86 88 91 93 94 96 99 101 103 108 110 116 120 125 129 131 132 133 134 140 141 144 147 150 154 157 158 161 166 169 170 173 174 179 180 181 182 184 190 192 194 196 197 198 201 203 206 207 208 213 220 222 228 229 230 232 233 236 240 241 243 245 248 252 261 263 264 267 268 270 272 273 282 284 286 288 289 290 291 293 297 299 301 309 315 316 317 318 320 322 323 325 326 327 329 330 331 336 337 341 342 347 357 359 360 368 369 373 375 376 379 382 385 386 388 391 394 395 396 398 400 401 402 404 406 408 409 411 412 414 420 421 428 429 430 432 434 437 438 442 446 448 452 454 455 456 458 460 467 469 470 471 472 473 474 481 482 483 484 485 487 491 492 497
V2:  12 16 21 23 37 38 40 41 48 57 64 67 86 88 94 99 120 131 132 134 140 147 150 158 161 166 169 181 190 192 196 206 213 220 222 228 229 232 236 240 243 252 261 267 268 282 286 288 290 315 316 318 320 330 336 342 359 379 388 391 395 398 400 402 404 406 408 428 430 432 434 438 442 448 455 458 460 467 472 474 481 482 483 487 492
V3:  12 21 38 40 57 94 99 132 150 192 213 222 240 252 286 288 290 320 342 388 395 398 400 404 408 432 434 460 474 481 482 483 487
gap: 3.25185
status: feasible
