obj: 207.000000 time: 0.140611 gap: 15.821256 iter: 433
obj: 198.000000 time: 0.195735 gap: 9.170324 iter: 831
obj: 195.000000 time: 0.282556 gap: 4.223291 iter: 1750
obj: 193.000000 time: 0.824606 gap: 1.923137 iter: 3685
obj: 191.000000 time: 0.884827 gap: 0.698080 iter: 3874

obj: 191 time: 1.08286
V1:  3 4 9 12 13 16 18 20 23 26 29 30 33 36 37 40 41 46 47 51 54 55 57 58 59 65 67 68 69 70 71 73 74 77 78 79 80 81 82 84 85 86 87 88 90 91 92 93 94 98 102 106 112 114 116 120 122 125 126 127 129 132 133 135 136 137 141 143 148 151 152 153 154 162 164 168 169 170 171 172 173 177 180 181 186 188 190 192 196 198 199 200 203 205 206 209 210 212 213 214 217 220 222 223 226 227 228 230 239 240 241 242 243 244 246 248 250 255 257 264 267 269 273 278 285 291 296 303 307 308 310 312 313 315 316 319 321 323 324 325 326 327 328 331 333 335 336 337 338 339 342 346 349 350 352 354 356 361 363 364 365 368 369 370 371 374 376 381 388 394 397 412 414 417 418 419 420 423 425 428 432 433 434 437 438 442 443 449 451 452 456 457 459 466 467 468 469 470 472 473 476 477 479 480 481 482 488 490 492 494 499
V2:  3 4 9 12 18 20 26 29 30 33 36 37 40 47 51 54 55 57 58 59 67 68 69 70 73 74 77 78 79 81 82 84 85 87 88 90 91 92 93 98 102 106 112 114 116 122 125 126 132 133 135 137 143 151 154 162 168 170 171 172 173 186 188 192 198 199 200 203 205 206 209 210 214 217 220 226 227 228 230 239 240 241 242 243 244 246 250 255 264 267 278 285 291 296 303 310 313 315 316 319 321 323 324 326 327 328 333 335 336 337 338 339 342 349 350 352 354 356 361 364 369 370 374 376 381 388 397 412 414 417 418 419 420 423 425 428 432 433 437 442 443 449 451 452 456 457 459 466 468 470 472 476 477 479 480 481 482 488 490 494
V3:  3 4 9 18 29 30 33 36 37 40 47 51 59 67 68 69 70 74 85 88 90 91 92 93 98 102 106 112 122 125 126 132 135 137 143 151 154 162 170 171 186 188 198 199 200 203 205 206 209 214 217 226 227 239 240 241 242 243 244 250 278 291 296 303 310 313 315 321 323 328 333 335 336 338 339 342 349 354 356 361 364 370 374 376 388 417 418 420 425 428 432 433 437 442 443 449 452 456 457 459 468 470 472 476 477 481 482 490 494
gap: 0
status: feasible
