obj: 25.000000 time: 0.024952 gap: 29.000000 iter: 146
obj: 19.000000 time: 0.032989 gap: 5.263158 iter: 176

obj: 19 time: 0.061718
V1:  2 5 9 13 15 16 19 23 27 31 36 38 40 43 47 51 55 58 59 62 63 65 67 68 69 70 73 74 75 77 79
V2:  2 5 9 13 15 19 23 31 36 38 43 47 51 55 58 59 63 65 67 69 73 74 75 77
V3:  2 5 13 31 36 38 43 47 51 58 65 73 75
gap: 0
status: feasible
