obj: 17.000000 time: 0.007997 gap: 10.294118 iter: 21

obj: 16 time: 0.009419
V1:  2 4 5 6 7 8 11 14 15 17 20
V2:  2 4 5 6 7 8 11 15 17
V3:  2 4 5 8 17
gap: 0
status: feasible
