obj: 8.000000 time: 0.228877 gap: 171.367667 iter: 1309
obj: 6.000000 time: 0.957549 gap: 192.386419 iter: 1973
obj: 4.000000 time: 3.109666 gap: 236.327267 iter: 13052
obj: 2.000000 time: 3.138245 gap: 372.654535 iter: 13497
obj: 1.000000 time: 4.087060 gap: 645.309069 iter: 19472
obj: 0.000000 time: 33.936470 gap: 5096954242982.908203 iter: 213097
obj: -1.000000 time: 34.729304 gap: 408.965804 iter: 216228
obj: -2.000000 time: 112.246054 gap: 145.755110 iter: 681604

obj: -2 time: 1199.94
V1:  3 4 5 9 13 16 19 20 21 23 26 33 34 41 43 45 46 47 48 49 50 51 54 56 61 62 63 65 66 67 68 70 71 72 73 75 76 77 79 81 85 88 91 94 100 102 103 113 114 115 119 122 124 125 127 129 131 132 135 137 142 147 149 150 158 160 161 163 165 166 169 171 174 178 182 186 191 192 193 195 196 199 204 210 212 213 215 220 222 223 225 236 240 242 243 249 255 258 259 265 266 267 274 275 279 280 281 282 287 288 291 293 295 296 298
V2:  5 9 13 16 20 21 26 33 41 45 48 61 63 65 67 68 70 71 73 75 77 85 88 94 103 122 127 132 142 150 158 160 166 182 192 193 199 213 225 236 240 258 267 280 281 282 291 293
V3:  9 13 21 26 41 48 63 65 70 75 77 103 122 142 166 192 225 240 258 282
gap: 1.17237
status: feasible
