obj: 27.000000 time: 0.011176 gap: 17.592593 iter: 75
obj: 25.000000 time: 0.014033 gap: 8.000000 iter: 97

obj: 23 time: 0.016023
V1:  2 3 5 6 9 10 11 12 13 15 17 21 23 25 27 28 29 37 38 41 42 50
V2:  2 3 5 6 10 11 12 13 15 21 23 25 27 28 29 37 38 41
V3:  2 3 5 10 12 13 23 25 27 28 37
gap: 0
status: feasible
