obj: 30.000000 time: 0.488497 gap: 118.488006 iter: 2284
obj: 20.000000 time: 1.195868 gap: 126.539643 iter: 2787
obj: 14.000000 time: 4.507873 gap: 135.895314 iter: 4075
obj: 8.000000 time: 23.116883 gap: 161.431287 iter: 50775
obj: 7.000000 time: 34.587604 gap: 169.842919 iter: 80120
obj: 5.000000 time: 125.718774 gap: 195.253709 iter: 460092
obj: 4.000000 time: 128.652323 gap: 219.059451 iter: 466880
obj: 3.000000 time: 874.615533 gap: 249.297082 iter: 3720607
obj: 2.000000 time: 950.927082 gap: 322.845891 iter: 4043803

obj: 2 time: 1200.05
V1:  5 7 9 16 19 20 22 24 27 28 36 37 40 42 43 44 55 57 58 60 61 64 66 72 75 78 80 84 85 86 87 90 95 96 98 103 105 107 110 111 112 113 115 123 124 125 126 127 134 135 139 141 144 145 147 149 150 153 154 159 160 162 164 171 172 180 181 189 192 193 194 197 200 201 204 208 209 212 216 218 224 228 231 234 235 237 239 242 247 249 251 252 254 256 260 262 264 265 266 270 276 282 284 288 290 291 294 296 300 302 303 304 310 315 321 323 325 327 329 331 340 341 345 346 349 353 354 366 367 368 369 370 371 372 374 375 381 385 386 391 392 393 400 401 403 406 407 408 409 411 415 417 422 423 425 426 427 432 433 434 439 441 444 445 454 456 459 460 461 465 466 469 470 471 475 476 477 479 481 485 486 492 494 495 499 500
V2:  5 9 16 27 36 37 40 55 61 66 72 84 85 87 95 96 98 103 105 111 113 115 123 124 134 139 141 144 150 159 160 162 180 189 192 197 204 208 209 228 231 234 249 256 260 262 264 265 270 276 284 291 296 302 304 310 321 323 325 327 329 341 353 354 369 370 393 401 406 408 433 439 441 444 445 466 469 470 471 475 476 479 485 486 492 494 499
V3:  5 9 36 40 55 84 87 98 105 111 113 124 159 160 180 192 197 208 228 231 260 264 265 284 291 296 302 304 370 393 401 406 439 441 444 445 470 471 479 485 486 494 499
gap: 3.21103
status: feasible
