obj: 20.000000 time: 0.269158 gap: 115.158233 iter: 1567
obj: 18.000000 time: 0.848992 gap: 114.874024 iter: 2222
obj: 13.000000 time: 3.022811 gap: 117.076127 iter: 3756
obj: 12.000000 time: 6.185863 gap: 117.287712 iter: 25091
obj: 6.000000 time: 8.015767 gap: 134.433724 iter: 31370
obj: 5.000000 time: 48.831490 gap: 136.798930 iter: 231533
obj: 4.000000 time: 57.592297 gap: 144.735287 iter: 283820
obj: 3.000000 time: 96.992446 gap: 154.989217 iter: 609436

obj: 3 time: 1200.15
V1:  2 4 7 8 9 10 12 13 20 21 22 23 29 30 32 33 34 35 36 37 38 44 45 46 48 49 50 52 53 60 64 65 67 69 72 76 78 80 83 84 86 90 91 92 94 99 101 102 104 108 110 112 113 118 119 120 122 127 128 130 131 132 133 135 136 142 144 146 154 155 157 158 160 163 168 172 173 176 177 178 183 188 189 193 196 199 204 206 210 219 224 225 232 236 238 239 242 243 245 246 247 251 252 255 260 261 262 265 270 279 283 285 286 288 290 298 301 304 305 311 313 314 323 324 326 330 331 332 338 341 343 344 346 348 352 354 360 362 364 367 369 374 375 376 379 384 385 390 392 393 394 397 399
V2:  2 8 10 13 20 23 33 35 37 38 48 50 65 72 76 78 83 90 91 101 102 104 112 113 119 120 128 130 131 132 133 142 144 146 155 173 176 178 188 189 196 204 210 224 225 236 238 255 261 262 265 283 311 313 323 324 338 344 346 360 367 379 384 385 393 397
V3:  8 13 20 33 37 48 50 91 101 102 104 112 113 120 130 132 144 155 173 176 188 196 204 210 313 323 324 338 367 384 397
gap: 1.34349
status: feasible
