obj: 211.000000 time: 0.161353 gap: 28.811216 iter: 936
obj: 196.000000 time: 0.289287 gap: 19.668720 iter: 1597
obj: 193.000000 time: 0.534498 gap: 12.721948 iter: 3584
obj: 178.000000 time: 0.569237 gap: 4.877309 iter: 3699
obj: 177.000000 time: 0.872759 gap: 3.366310 iter: 4954
obj: 176.000000 time: 7.078057 gap: 1.805751 iter: 42748
obj: 175.000000 time: 7.966228 gap: 1.085811 iter: 53692

obj: 175 time: 9.34805
V1:  1 2 8 15 19 20 21 23 27 29 32 33 34 37 38 40 41 43 45 46 47 50 55 56 58 59 63 64 68 70 71 72 74 76 78 80 81 82 84 86 94 97 98 101 102 104 105 106 107 108 112 119 120 125 130 134 138 140 141 142 143 144 145 149 152 153 155 158 163 166 167 168 171 173 177 181 185 186 187 188 190 195 196 198 200 203 204 206 207 211 213 214 217 219 225 226 229 232 233 234 236 238 241 243 246 247 248 250 256 258 261 263 271 272 273 276 278 282 283 284 285 290 292 295 300 302 303 305 307 309 311 312 313 314 316 318 325 326 327 329 330 342 344 345 347 348 349 351 354 363 366 368 370 371 372 373 374 375 376 378 381 383 386 387 390 392 393 394 397 398 399 404 405 406 413 414 417 418 419 423 427 428 431 433 437 438 444 445 446 448 449 450 454 459 462 464 465 467 469 471 472 478 488 495 496 497 499 500
V2:  1 2 8 15 20 23 27 32 33 34 37 38 40 41 43 45 46 50 56 58 59 63 64 68 70 71 74 76 78 80 82 84 94 97 101 102 104 105 106 112 119 120 125 130 134 138 140 141 142 143 144 145 149 152 153 155 158 163 167 168 173 185 186 187 188 190 195 196 198 200 206 211 213 214 217 219 225 229 238 243 246 247 248 256 261 263 271 272 273 276 282 283 284 290 292 302 303 307 311 312 313 314 316 325 326 327 330 342 344 345 347 348 351 354 363 366 368 370 371 372 373 374 375 376 378 381 387 390 393 394 397 398 399 404 405 406 414 417 418 419 423 427 428 431 433 437 444 449 450 454 459 462 467 469 471 472 478 488 495 496 499 500
V3:  8 15 20 23 27 32 33 34 41 43 45 50 56 58 59 63 64 68 70 74 78 80 84 97 102 105 106 119 125 138 143 145 149 152 153 158 167 185 186 190 198 206 211 213 217 225 238 247 256 261 272 273 276 282 283 290 302 311 312 314 325 326 327 330 342 344 345 351 363 370 372 373 375 376 378 387 390 393 394 398 399 404 405 414 417 428 431 437 450 454 459 469 471 472 478 495 496
gap: 0
status: feasible
