obj: 13.000000 time: 0.216036 gap: 155.739796 iter: 1255
obj: 6.000000 time: 0.544139 gap: 214.754971 iter: 1523
obj: 4.000000 time: 0.837777 gap: 267.147974 iter: 1867
obj: 1.000000 time: 3.207466 gap: 759.042360 iter: 15542
obj: 0.000000 time: 3.219950 gap: 6590423596269.646484 iter: 15659
obj: -1.000000 time: 4.559775 gap: 557.499073 iter: 22280
obj: -2.000000 time: 56.610908 gap: 213.184520 iter: 342969
obj: -3.000000 time: 149.676206 gap: 106.418384 iter: 932590

obj: -3 time: 1185.37
V1:  3 4 6 8 10 12 13 17 18 21 27 28 30 34 35 36 37 40 42 43 45 47 48 51 54 55 64 68 71 72 87 92 93 95 99 100 101 102 104 107 109 113 116 117 120 121 122 125 131 132 133 139 143 144 145 146 147 148 151 153 154 156 161 162 164 166 167 170 176 177 181 182 186 191 192 195 196 197 198 200 202 204 205 208 209 214 215 216 222 225 226 227 232 234 235 236 237 243 253 254 255 256 267 270 271 273 275 279 280 281 287 293 294 297
V2:  3 4 10 17 21 34 40 45 48 68 71 87 95 99 100 102 109 116 117 121 122 125 144 145 147 156 166 167 176 182 191 192 195 196 204 205 208 232 243 253 270 271 279 280 281 287 293 297
V3:  3 4 10 45 71 99 102 121 122 125 156 167 176 182 192 204 243 253 270 271 287
gap: 0.904919
status: feasible
