obj: 13.000000 time: 0.006562 gap: 7.692308 iter: 23

obj: 13 time: 0.007588
V1:  1 3 6 7 8 9 11 12 16 20
V2:  1 3 6 7 8 9 11 16
V3:  3 7 8 11 16
gap: 0
status: feasible
