obj: 15.000000 time: 0.335513 gap: 146.049298 iter: 2042
obj: 9.000000 time: 1.093434 gap: 175.483358 iter: 2655
obj: 7.000000 time: 2.264343 gap: 197.050031 iter: 2682
obj: 4.000000 time: 4.355727 gap: 267.858274 iter: 20301
obj: 3.000000 time: 17.654135 gap: 318.700057 iter: 62996
obj: 2.000000 time: 23.234795 gap: 427.768702 iter: 79135
obj: 0.000000 time: 77.001331 gap: 6329491219511.323242 iter: 377679
obj: -1.000000 time: 100.154520 gap: 530.468620 iter: 437239
obj: -2.000000 time: 1097.764121 gap: 188.124828 iter: 6556236

obj: -2 time: 1200.07
V1:  2 3 4 5 6 7 10 11 15 18 21 26 28 29 32 34 36 37 39 51 57 58 63 67 71 72 73 74 75 76 78 81 82 91 93 103 104 105 106 116 118 122 128 129 133 134 135 136 137 138 139 141 142 143 145 149 151 153 154 157 160 162 163 165 167 172 173 175 176 179 180 182 183 184 187 190 193 198 199 200 201 202 203 212 217 223 227 234 237 241 242 244 247 248 252 256 259 260 261 262 266 267 268 271 275 277 282 286 289 290 293 294 296 298 299 303 305 308 309 310 314 316 317 322 325 326 328 329 331 333 336 337 341 342 346 348 349 352 354 356 358 359 364 367 370 375 376 377 379 382 389 396
V2:  3 5 11 26 37 39 51 57 63 67 71 75 78 82 91 93 104 118 128 134 138 139 141 142 143 145 154 157 165 167 173 179 180 187 190 198 199 217 223 227 237 241 244 248 252 260 267 268 277 290 293 294 303 305 317 326 333 349 352 354 356 359 370 376 389 396
V3:  11 39 63 78 82 91 104 118 138 142 145 165 173 180 198 223 227 241 248 252 268 277 349 354 356 376 389 396
gap: 1.87802
status: feasible
