obj: 21.000000 time: 0.010737 gap: 6.349206 iter: 14

obj: 20 time: 0.011966
V1:  1 2 4 5 9 10 11 12 14 15 16 20
V2:  1 2 4 5 9 10 12 14 15 16 20
V3:  1 2 5 15 20
gap: 0
status: feasible
