obj: 58.000000 time: 0.083460 gap: 65.748528 iter: 1007
obj: 50.000000 time: 0.417097 gap: 52.857795 iter: 2361
obj: 40.000000 time: 0.434763 gap: 41.072243 iter: 2361
obj: 37.000000 time: 2.238160 gap: 29.897557 iter: 7211
obj: 36.000000 time: 3.578078 gap: 27.876197 iter: 22362
obj: 34.000000 time: 4.250400 gap: 23.535999 iter: 30024
obj: 32.000000 time: 10.707567 gap: 17.240023 iter: 46987
obj: 31.000000 time: 41.586604 gap: 13.043457 iter: 334930
obj: 30.000000 time: 761.885266 gap: 6.001744 iter: 6024861

obj: 30 time: 1199.85
V1:  1 5 6 11 12 15 17 24 26 34 38 39 41 42 44 46 48 49 58 63 71 72 74 75 77 78 80 81 82 83 89 92 94 98 99 100 101 103 106 111 115 121 122 129 131 132 135 140 141 142 143 144 145 146 148 150 154 156 165 173 180 182 184 186 189 191 192 193 194 195 197 200 201 202 204 209 216 217 220 223 224 226 227 228 230 231 235 238 242 245 246 247 249 255 257 258 259 260 261 263 266 269 270 273 274 279 281 282 285 286 288 290 293 296 297 298
V2:  1 5 6 11 12 15 17 24 26 38 71 75 78 80 82 83 92 99 111 121 122 131 135 140 142 143 144 145 148 150 154 173 182 186 189 194 197 201 204 223 228 230 231 235 242 246 247 249 255 257 259 260 261 266 279 285 288 290 296 298
V3:  15 17 24 38 71 75 78 80 83 92 99 121 122 131 135 140 142 143 148 150 154 173 182 189 194 197 201 228 230 231 247 249 255 259 260 279 285 288
gap: 0.0429267
status: feasible
