obj: 62.000000 time: 0.049040 gap: 53.326613 iter: 644
obj: 50.000000 time: 0.141888 gap: 35.591837 iter: 1081
obj: 46.000000 time: 1.048806 gap: 19.527765 iter: 8068
obj: 44.000000 time: 1.189959 gap: 15.852101 iter: 9477
obj: 42.000000 time: 1.421742 gap: 11.246531 iter: 11064
obj: 41.000000 time: 5.047651 gap: 7.243652 iter: 41208

obj: 41 time: 18.2553
V1:  5 8 18 24 30 31 33 37 38 41 43 54 55 57 59 61 65 69 70 71 72 76 79 83 84 85 88 93 94 95 97 98 100 102 106 107 109 115 116 120 123 124 127 128 129 134 135 136 137 140 142 143 146 147 148 149 153 157 158 159 161 162 164 166 167 168 170 172 174 180 183 187 188 189 191 193 194 195 198 199
V2:  24 30 31 37 38 41 54 55 57 59 61 65 69 71 76 79 83 84 88 93 94 95 97 98 100 106 107 115 116 123 128 134 135 136 140 142 146 147 157 159 167 168 170 172 174 180 183 187 188 198 199
V3:  24 30 37 38 41 54 61 65 71 79 83 88 93 94 95 98 100 106 115 116 123 128 135 146 157 167 174 180 187 199
gap: 0
status: feasible
