obj: 15.000000 time: 0.010558 gap: 41.666667 iter: 91
obj: 13.000000 time: 0.036125 gap: 16.495726 iter: 362

obj: 12 time: 0.057436
V1:  1 2 4 7 14 19 22 23 27 28 30 31 32 33 36 38 41 45 46 47 48 50
V2:  1 4 7 19 22 23 28 32 36 41 45 46 48
V3:  1 22 28 36 48
gap: 0
status: feasible
