obj: 41.000000 time: 0.018294 gap: 3.658537 iter: 68

obj: 41 time: 0.0212
V1:  1 4 5 6 7 10 12 14 16 19 21 27 34 37 39 40 41 42 44 45 48 49 53 55 57 58 59 60 61 65 66 69 70 72 73 74 77
V2:  1 4 5 7 10 14 16 19 21 27 34 37 39 42 44 45 48 53 55 57 58 59 60 61 66 70 72 77
V3:  1 4 5 7 21 27 34 37 42 44 45 48 53 57 59 60 70 72 77
gap: 0
status: feasible
