obj: 178.000000 time: 0.043454 gap: 1.123596 iter: 44
obj: 177.000000 time: 0.046254 gap: 0.564972 iter: 44

obj: 177 time: 0.046782
V1:  1 2 3 6 8 9 13 15 16 17 20 21 22 23 25 26 31 32 34 36 37 38 42 44 46 47 48 49 50 52 53 55 56 57 58 59 60 61 62 64 68 69 70 71 72 75 76 77 78 87 89 90 91 92 93 94 96 97 98 99 101 102 103 104 105 109 110 112 113 114 115 121 122 123 125 126 127 130 131 132 136 140 142 144 145 146 147 149 151 152 153 154 155 156 161 162 163 166 167 168 169 175 176 177 178 185 187 189 191 194 195
V2:  1 2 3 6 8 9 13 15 16 20 21 22 25 26 31 32 34 37 38 42 44 47 48 49 50 52 53 55 56 57 58 59 60 61 62 64 69 70 71 72 75 76 77 78 89 90 91 92 93 94 96 97 98 99 101 102 103 104 105 110 112 113 114 115 121 122 123 125 126 127 130 131 132 136 140 142 144 145 147 149 151 152 153 154 155 156 161 162 163 166 167 169 175 176 177 178 185 187 189 191 194 195
V3:  3 6 8 9 15 16 21 22 31 34 38 49 52 55 57 59 60 61 64 69 71 72 76 90 91 92 94 96 97 101 103 104 105 110 112 113 121 122 123 125 126 127 131 144 145 147 149 151 153 154 156 176 194
gap: 0
status: feasible
