obj: 28.000000 time: 0.060015 gap: 74.128920 iter: 599
obj: 22.000000 time: 0.251988 gap: 64.457438 iter: 1268
obj: 18.000000 time: 0.550976 gap: 54.528727 iter: 2164
obj: 17.000000 time: 0.984645 gap: 51.138341 iter: 2930
obj: 16.000000 time: 4.553436 gap: 46.344871 iter: 31495
obj: 14.000000 time: 9.393537 gap: 36.805351 iter: 73450
obj: 13.000000 time: 12.085044 gap: 30.769231 iter: 103775
obj: 12.000000 time: 14.109891 gap: 24.489046 iter: 128127
obj: 11.000000 time: 35.542389 gap: 14.856059 iter: 331121

obj: 11 time: 65.8706
V1:  1 6 8 19 22 24 26 27 31 32 40 47 48 50 52 54 56 58 63 70 72 76 77 78 81 83 84 85 89 91 92 93 94 101 105 108 111 112 114 116 120 123 125 127 129 133 134 135 136 141 142 144 146 147 148 149 151 152 158 163 164 168 169 170 172 173 176 180 181 184 186 188 189 193 200
V2:  8 19 22 24 27 32 47 54 58 70 76 78 81 83 84 85 89 91 94 120 127 129 133 134 136 144 147 148 151 158 163 164 170 173 176 180 184 189 200
V3:  8 22 24 27 58 70 81 83 84 89 91 127 129 133 134 144 147 164 173 180 184 200
gap: 0
status: feasible
