obj: 5.000000 time: 0.230559 gap: 244.421635 iter: 1333
obj: 2.000000 time: 0.885969 gap: 449.218515 iter: 2117
obj: 0.000000 time: 1.568936 gap: 6963055477041.961914 iter: 2327
obj: -1.000000 time: 8.594158 gap: 589.357133 iter: 30909
obj: -2.000000 time: 27.199911 gap: 238.312662 iter: 147762
obj: -3.000000 time: 28.120849 gap: 125.541775 iter: 151541
obj: -4.000000 time: 58.087832 gap: 67.039522 iter: 311380

obj: -4 time: 1200.07
V1:  1 4 5 8 9 15 16 20 22 27 31 33 42 44 46 47 49 54 59 60 63 64 67 68 71 74 78 81 85 87 88 89 95 100 104 105 109 111 112 114 125 126 133 135 137 139 140 141 144 147 148 149 151 155 156 157 159 163 167 168 171 172 174 176 177 179 191 195 196 197 199 200 201 202 203 205 208 212 215 216 232 234 235 236 238 241 242 244 249 252 253 255 258 260 261 263 264 266 267 268 269 272 276 281 283 284 286 291 294 295 298
V2:  15 22 33 42 47 49 59 64 71 74 85 88 89 104 111 114 126 140 141 144 147 148 149 151 156 157 163 167 171 172 176 177 179 195 197 200 208 232 238 244 252 253 260 267 272 276 281 283 291 294 298
V3:  33 42 49 89 104 149 156 157 167 172 176 197 208 232 238 244 253 267 272 276 281 291 294
gap: 0.534642
status: feasible
