obj: 59.000000 time: 0.040470 gap: 46.640436 iter: 531
obj: 56.000000 time: 0.329193 gap: 33.083258 iter: 2316
obj: 50.000000 time: 1.370334 gap: 19.991443 iter: 8158
obj: 48.000000 time: 1.656776 gap: 16.657704 iter: 12031
obj: 47.000000 time: 2.092711 gap: 14.681565 iter: 20012
obj: 46.000000 time: 2.413328 gap: 12.754399 iter: 24234
obj: 45.000000 time: 10.599546 gap: 6.739662 iter: 83758
obj: 44.000000 time: 19.190017 gap: 3.323405 iter: 173226

obj: 44 time: 21.369
V1:  3 7 8 10 11 13 17 19 20 22 25 32 35 39 41 42 44 45 50 51 55 59 61 62 63 65 66 71 74 75 78 81 85 89 90 92 94 98 103 106 107 110 117 120 122 123 125 127 131 132 136 138 139 140 143 146 152 154 157 159 162 163 164 165 170 174 175 176 178 179 184 187 188 189 190 191 192 193 196 197 199 200
V2:  8 10 13 17 19 20 32 35 39 41 44 45 51 59 61 62 63 65 66 71 75 78 81 90 92 94 103 106 110 117 123 125 127 131 136 139 146 152 154 157 159 162 163 164 165 174 175 176 178 179 188 190 191 192 193 197 199 200
V3:  8 13 19 32 35 41 45 51 65 71 110 123 125 131 154 159 175 176 179 188 193 199
gap: 0
status: feasible
