obj: 51.000000 time: 0.018711 gap: 9.803922 iter: 47
obj: 50.000000 time: 0.020155 gap: 6.444444 iter: 91

obj: 48 time: 0.02276
V1:  1 3 4 6 8 9 11 12 13 14 16 22 23 25 27 28 29 33 38 40 41 42 47 48 49 50 52 54 56 58 62 63 66 67 74 75 77 79
V2:  1 3 4 6 8 9 11 13 14 16 22 23 25 27 29 33 38 40 41 47 48 50 52 56 58 63 66 74 77 79
V3:  3 4 8 9 11 14 16 23 25 27 29 33 38 40 41 47 50 56 58 66 77 79
gap: 0
status: feasible
