obj: 128.000000 time: 0.009468 gap: 1.041667 iter: 14

obj: 127 time: 0.010599
V1:  1 2 3 4 5 6 7 8 9 10 11 12 13 14 15 16 17 19 20 21 22 24 25 27 28 30 32 33 34 36 37 38 39 40 41 44 47 48 49 50 51 52 53 54 55 56 57 58 59 61 62 65 66 67 68 69 70 71 72 73 74 75 76 77 79
V2:  1 2 3 4 5 6 7 8 9 10 11 12 13 14 15 16 17 19 20 21 22 24 25 27 28 30 32 33 34 36 37 38 39 40 41 44 47 48 49 50 51 52 53 54 55 56 57 58 59 61 62 65 66 67 68 69 70 71 72 74 75 76 77 79
V3:  1 2 4 7 9 13 19 20 22 33 50 56 59
gap: 0
status: feasible
