obj: 25.000000 time: 0.029013 gap: 48.000000 iter: 215
obj: 19.000000 time: 0.041713 gap: 31.578947 iter: 322
obj: 17.000000 time: 0.110846 gap: 17.647059 iter: 802

obj: 17 time: 0.768429
V1:  1 4 9 10 12 18 19 20 23 24 29 30 36 37 39 41 44 45 46 49 52 53 55 58 60 62 64 66 67 72 73 74 76 77 82 83 87 89 92 93 95
V2:  9 12 18 19 24 30 39 41 44 46 49 52 53 55 64 66 73 76 82 83 87
V3:  12 18 19 24 30 41 49 52 53 55 64 66 82 87
gap: 0
status: feasible
