obj: 24.000000 time: 0.061080 gap: 75.139365 iter: 587
obj: 23.000000 time: 0.475987 gap: 68.198239 iter: 1894
obj: 19.000000 time: 1.019509 gap: 60.743650 iter: 2758
obj: 15.000000 time: 1.816915 gap: 50.189987 iter: 12353
obj: 13.000000 time: 2.380840 gap: 42.514047 iter: 16345
obj: 12.000000 time: 23.751147 gap: 32.326478 iter: 214070
obj: 11.000000 time: 45.451862 gap: 25.161228 iter: 383223

obj: 11 time: 1200.2
V1:  3 4 5 6 7 12 16 17 22 27 30 33 36 39 43 45 48 55 56 57 61 62 66 71 73 75 79 80 83 85 87 89 96 97 98 99 102 103 104 105 108 111 113 114 118 121 124 129 130 131 132 135 139 140 142 145 147 148 151 152 156 161 163 164 166 168 171 172 180 181 186 188 191 192 195 198 199
V2:  3 4 5 7 12 16 17 22 30 33 39 43 48 62 79 80 83 89 97 108 111 113 114 121 130 131 132 139 142 145 147 148 151 168 172 181 186 188 198 199
V3:  3 7 17 30 33 39 48 83 108 111 113 114 131 142 151 186 198
gap: 0.148522
status: feasible
