obj: 194.000000 time: 0.158941 gap: 25.957290 iter: 759
obj: 181.000000 time: 0.331487 gap: 13.848261 iter: 2236
obj: 173.000000 time: 1.430886 gap: 3.940836 iter: 7037
obj: 172.000000 time: 1.727748 gap: 3.382353 iter: 10279
obj: 170.000000 time: 1.876509 gap: 2.199577 iter: 12038
obj: 169.000000 time: 7.133317 gap: 0.000000 iter: 21205

obj: 169 time: 7.13619
V1:  1 2 3 4 7 10 11 12 13 15 16 18 21 22 23 24 25 27 31 33 34 35 36 39 40 41 42 46 48 50 52 55 56 58 59 60 61 62 65 67 70 73 74 77 83 84 85 88 89 92 95 96 100 101 103 105 107 108 121 123 124 128 129 130 131 134 138 139 141 149 150 153 154 155 156 161 165 167 170 171 178 179 183 187 188 190 192 194 196 197 198 203 204 205 207 210 211 212 214 218 221 222 226 229 231 232 238 240 242 243 244 245 246 247 248 249 250 252 253 254 255 261 262 263 265 267 268 270 273 274 278 280 283 286 289 292 298 300 306 310 312 313 315 317 319 321 322 331 335 336 339 341 342 346 348 349 353 355 358 365 367 370 372 373 374 375 380 382 386 387 391 394 396 399 401 406 414 415 416 418 426 427 432 433 434 436 439 440 442 444 445 447 451 453 454 455 456 460 462 463 465 466 470 473 474 475 478 480 488 489 491 493 494 495 500
V2:  1 2 7 10 12 15 18 21 22 27 31 33 34 39 40 41 42 46 48 50 52 55 56 58 60 62 65 70 73 74 77 84 85 88 89 95 96 100 101 103 105 107 108 121 123 124 128 129 134 139 141 149 150 154 155 161 170 179 183 187 190 192 196 197 198 204 210 212 221 222 229 231 238 240 242 243 244 246 247 248 250 253 255 261 262 265 267 268 270 274 280 286 292 300 306 310 312 315 319 322 331 335 336 339 342 346 349 353 358 370 372 375 380 382 386 387 391 394 396 399 401 414 415 416 426 427 432 433 434 439 440 442 444 445 451 453 460 462 465 466 473 474 475 478 480 491 494 495 500
V3:  1 10 12 18 21 31 39 41 42 46 48 50 52 56 58 60 70 88 89 95 101 105 107 108 121 129 134 154 155 161 170 179 192 197 204 212 221 222 240 242 243 244 246 247 248 250 255 261 267 268 270 274 286 300 315 319 322 331 335 336 339 342 353 358 370 372 375 380 386 391 394 396 399 414 415 416 427 433 440 442 444 445 460 462 465 466 475 480 494 495
gap: 0
status: feasible
