obj: 25.000000 time: 0.161667 gap: 86.943031 iter: 1156
obj: 16.000000 time: 1.111480 gap: 73.558562 iter: 2244
obj: 14.000000 time: 12.997389 gap: 67.094365 iter: 44135
obj: 12.000000 time: 13.052788 gap: 61.610092 iter: 44478
obj: 11.000000 time: 14.327831 gap: 57.614962 iter: 51082
obj: 10.000000 time: 137.644961 gap: 49.686714 iter: 945399
obj: 9.000000 time: 137.660806 gap: 44.096349 iter: 945479
obj: 8.000000 time: 1113.779385 gap: 28.995277 iter: 8629773

obj: 8 time: 1197.51
V1:  5 6 7 8 14 18 21 22 25 27 30 33 34 36 37 42 44 48 51 52 53 58 59 60 64 72 73 75 76 78 83 85 89 93 94 95 98 99 100 101 103 105 108 110 111 115 117 118 123 130 133 135 142 145 149 151 155 156 157 158 162 166 167 168 175 177 178 179 181 186 192 194 196 199 201 202 204 206 209 210 212 217 227 230 231 234 238 240 245 246 247 249 251 254 255 258 259 260 262 264 266 267 268 272 273 276 280 283 287 288 290 291 299 300
V2:  5 14 18 21 22 27 30 34 37 42 51 59 60 72 78 89 93 94 101 108 111 117 118 123 135 151 156 157 158 167 168 175 177 178 179 181 186 194 199 206 217 227 231 238 246 247 254 255 258 259 262 264 273 280 290 291 300
V3:  22 34 42 51 72 78 89 93 94 101 111 123 157 167 168 178 194 238 247 255 259 262 290
gap: 0.288986
status: feasible
