obj: 18.000000 time: 0.025222 gap: 66.666667 iter: 268
obj: 14.000000 time: 0.064448 gap: 56.349206 iter: 529
obj: 11.000000 time: 0.148893 gap: 44.444444 iter: 726
obj: 9.000000 time: 1.115080 gap: 20.578387 iter: 11285
obj: 8.000000 time: 1.627223 gap: 0.000000 iter: 20798

obj: 8 time: 1.62762
V1:  2 11 14 17 19 26 28 31 32 36 37 42 45 46 47 49 50 51 55 56 57 59 60 64 65 66 71 72 76 77 78 80 85 88 92 94 99
V2:  2 11 17 28 31 32 37 42 46 47 50 55 57 60 64 71 76 78 85 88 92 99
V3:  2 17 32 37 42 46 47 64 76 78 92 99
gap: 0
status: feasible
