obj: 10.000000 time: 0.230001 gap: 176.618384 iter: 1337
obj: 9.000000 time: 0.387882 gap: 183.739033 iter: 1434
obj: -1.000000 time: 1.227612 gap: 643.686806 iter: 1844
obj: -2.000000 time: 2.447619 gap: 269.951396 iter: 10034
obj: -3.000000 time: 42.938564 gap: 133.925050 iter: 334642
obj: -4.000000 time: 47.573496 gap: 75.098078 iter: 379373
obj: -5.000000 time: 1169.608053 gap: 28.598125 iter: 8119225

obj: -5 time: 1199.35
V1:  3 6 9 11 12 18 20 22 31 37 43 44 48 49 60 63 71 74 75 76 77 78 91 92 95 97 99 101 102 106 107 109 113 116 117 118 119 120 121 125 126 128 135 136 140 143 144 148 150 151 155 156 157 160 166 177 178 182 184 186 192 193 197 202 207 211 216 218 219 220 221 223 228 229 232 235 237 238 241 243 245 246 247 249 251 253 255 256 258 259 260 261 262 263 265 267 271 272 273 275 276 278 279 281 282 283 284 285 287 299
V2:  3 9 22 37 49 63 71 74 75 77 78 92 97 99 102 117 119 121 126 128 136 143 151 160 166 182 197 202 216 218 220 228 237 243 247 253 258 260 262 265 271 272 273 276 278 281 282 285 299
V3:  9 63 71 75 77 117 119 126 128 136 143 166 182 197 202 216 228 243 247 253 265 271 276 281 285 299
gap: 0.282923
status: feasible
