obj: 189.000000 time: 0.053850 gap: 2.777778 iter: 112
obj: 188.000000 time: 0.076397 gap: 1.386602 iter: 311

obj: 187 time: 0.106916
V1:  1 3 5 6 8 10 13 15 16 17 19 20 24 28 29 31 32 35 36 37 39 40 43 44 48 53 54 56 59 61 64 67 69 71 72 74 76 77 79 80 83 84 88 91 93 95 96 97 98 99 100 101 102 103 107 109 110 112 113 115 116 120 121 122 126 127 128 129 130 132 133 134 137 138 139 143 151 152 154 155 159 160 162 163 164 166 168 173 177 178 181 186 187 188 189 192 195 198 199 200 201 203 206 207 208 209 210 212 216 217 219 222 223 224 230 238 240 241 243 247 250 251 254 255 258 260 261 262 264 270 272 273 274 276 277 278 281 283 285 286 287 289 290 292 293 295 298 300
V2:  1 3 5 6 8 13 15 16 17 19 20 24 28 29 32 35 36 37 39 40 48 53 54 56 59 61 64 67 69 71 72 74 76 77 79 80 83 84 88 91 93 95 97 98 100 101 102 103 107 109 110 112 113 115 120 121 122 126 127 128 129 130 132 133 134 137 143 151 152 154 155 159 162 163 166 168 178 181 186 187 188 192 195 198 199 200 201 206 207 208 209 210 212 216 219 223 224 238 240 241 243 247 250 251 254 255 260 261 262 264 270 272 273 274 276 277 283 286 287 289 292 298
V3:  1 3 5 6 13 15 16 19 20 28 29 32 36 37 48 53 54 59 61 64 67 69 84 88 91 93 97 100 101 102 107 110 112 115 121 126 127 130 132 133 134 154 155 163 166 178 181 186 187 188 192 195 198 201 208 209 210 240 241 243 247 254 260 262 264 274 283 287 298
gap: 0
status: feasible
