obj: 16.000000 time: 0.011781 gap: 53.125000 iter: 102
obj: 13.000000 time: 0.017484 gap: 33.012821 iter: 149
obj: 12.000000 time: 0.036799 gap: 15.895062 iter: 290
obj: 11.000000 time: 0.075829 gap: 0.000000 iter: 663

obj: 11 time: 0.076103
V1:  1 4 7 8 11 12 13 14 15 20 26 27 34 38 39 40 42 45 47 50
V2:  1 7 8 11 12 15 20 26 27 38 39 45 47
V3:  1 8 15 26 27 38 45 47
gap: 0
status: feasible
