obj: 23.000000 time: 0.850715 gap: 122.415265 iter: 3896
obj: 16.000000 time: 1.610709 gap: 126.808895 iter: 4529
obj: 13.000000 time: 10.312377 gap: 128.309297 iter: 40595
obj: 12.000000 time: 10.355271 gap: 130.668405 iter: 40935
obj: 8.000000 time: 14.085305 gap: 145.639281 iter: 53526
obj: 7.000000 time: 129.472500 gap: 149.796954 iter: 464919
obj: 6.000000 time: 699.256625 gap: 155.493326 iter: 2582016
obj: 5.000000 time: 937.113244 gap: 165.613228 iter: 3556939
obj: 4.000000 time: 1018.756864 gap: 181.660880 iter: 3883376

obj: 4 time: 1200.14
V1:  6 7 9 15 16 17 19 20 21 22 23 26 29 30 31 35 38 39 41 43 44 45 46 47 51 52 55 57 58 60 66 67 71 74 77 78 80 87 88 94 97 98 106 107 108 110 118 120 122 125 127 129 133 137 138 139 141 142 147 150 151 152 162 165 166 167 172 173 174 177 178 180 185 186 187 190 194 195 196 198 199 204 206 207 211 214 217 219 220 221 222 223 227 228 230 232 233 234 239 241 243 249 250 251 252 255 256 258 259 260 261 267 268 269 271 272 274 275 280 284 287 289 291 303 305 309 310 318 329 332 338 347 349 354 356 362 363 365 366 367 374 375 379 382 384 388 390 392 394 398 399 400 401 402 409 411 412 416 425 428 429 431 432 436 438 442 443 444 445 447 449 450 453 454 455 456 457 458 459 460 462 463 465 468 470 475 483 484 486 488 489 490 491 495 496 497 499
V2:  6 15 16 19 21 26 35 41 44 52 55 57 60 66 67 74 87 94 97 98 106 108 110 138 139 165 166 167 174 180 185 186 196 199 206 211 219 221 222 230 232 233 234 241 250 251 256 269 287 305 318 329 338 347 356 362 367 374 375 382 384 388 390 399 400 409 411 412 436 442 449 450 454 456 459 462 475 489 497
V3:  16 19 21 26 35 41 57 60 74 87 94 138 165 185 186 232 234 256 269 318 338 362 374 388 400 411 436 449 454 456 462
gap: 1.81126
status: feasible
