obj: 20.000000 time: 0.021127 gap: 50.000000 iter: 262
obj: 16.000000 time: 0.080877 gap: 30.116422 iter: 879
obj: 15.000000 time: 0.417205 gap: 13.676928 iter: 2366
obj: 14.000000 time: 0.504912 gap: 0.000000 iter: 4742

obj: 14 time: 0.505164
V1:  2 5 10 16 18 19 24 27 30 32 34 36 37 39 40 46 47 55 56 58 60 62 63 66 69 74 76 78 79 82 83 84 86 87 88 90 91 92 93 95 96
V2:  2 10 30 32 36 46 47 56 58 63 69 76 78 79 83 86 88 91 92
V3:  2 30 32 46 47 56 63 69 78 79 86 91 92
gap: 0
status: feasible
