obj: 13.000000 time: 0.010174 gap: 26.923077 iter: 146
obj: 12.000000 time: 0.094103 gap: 0.000000 iter: 1460

obj: 12 time: 0.094327
V1:  2 5 7 8 10 11 12 13 16 18 20 23 24 26 33 39 40 47 48
V2:  2 5 8 10 11 16 20 23 26 33 39 40 47 48
V3:  5 8 10 11 20 23 26 39 40 47
gap: 0
status: feasible
