obj: 4.000000 time: 0.321441 gap: 382.278072 iter: 1336
obj: -2.000000 time: 2.127476 gap: 454.307982 iter: 1658
obj: -3.000000 time: 4.824801 gap: 268.884864 iter: 21186
obj: -5.000000 time: 4.828487 gap: 121.330919 iter: 21192
obj: -6.000000 time: 26.348810 gap: 81.608065 iter: 66631
obj: -7.000000 time: 252.437061 gap: 52.842124 iter: 1127851

obj: -7 time: 1200.04
V1:  1 4 5 8 10 11 14 15 16 19 24 25 28 30 31 34 38 40 44 45 48 49 52 53 57 58 60 61 62 68 72 77 80 83 84 85 88 91 92 94 95 96 99 105 107 109 115 116 118 120 121 122 127 129 136 137 140 151 154 165 166 167 178 179 181 182 185 186 188 190 196 198 200 201 210 212 220 229 230 233 238 239 240 243 244 246 247 248 251 253 261 262 263 265 266 267 268 269 272 276 279 280 282 283 287 288 301 303 304 305 307 308 309 311 314 317 322 323 328 334 336 338 339 348 349 357 359 361 363 365 369 379 381 382 390 391 394 395 396
V2:  1 4 8 10 11 14 15 25 28 30 31 34 38 45 49 58 60 61 62 72 83 84 88 91 92 94 107 115 116 118 121 122 140 151 181 182 186 190 201 210 212 220 230 233 238 240 247 248 251 261 262 263 266 267 268 269 276 279 280 287 309 323 334 336 338 348 357 361 363 369 382 390 394 396
V3:  4 10 15 25 28 31 34 38 45 49 60 62 72 88 107 121 151 182 186 190 212 220 233 238 251 261 266 269 276 279 309 323 334 336 338 357 361 369 382 390 394
gap: 0.503835
status: feasible
