obj: 38.000000 time: 0.006602 gap: 2.631579 iter: 9

obj: 38 time: 0.006806
V1:  1 2 3 4 5 6 7 8 9 10 11 12 14 18 19 21 22 23 24 26 30
V2:  1 2 4 5 7 8 9 10 11 12 14 18 19 21 22 23 24 26 30
V3:  4 7 8 12 14 18 22
gap: 0
status: feasible
