obj: 26.000000 time: 0.012592 gap: 7.692308 iter: 54
obj: 25.000000 time: 0.016684 gap: 4.000000 iter: 77

obj: 25 time: 0.021447
V1:  1 2 3 5 7 12 13 14 16 18 20 23 24 25 27 33 34 39 40 44 45 46 48 50
V2:  1 2 3 7 12 13 14 16 18 20 33 39 40 45 46 48
V3:  1 2 3 12 13 14 18 33 40 45 48
gap: 0
status: feasible
