obj: 62.000000 time: 0.023807 gap: 20.967742 iter: 207
obj: 58.000000 time: 0.035991 gap: 13.163700 iter: 280
obj: 57.000000 time: 0.061235 gap: 6.404313 iter: 465
obj: 56.000000 time: 0.073223 gap: 4.132653 iter: 536

obj: 56 time: 0.167485
V1:  3 6 8 9 10 12 15 16 22 23 24 25 26 27 30 31 34 37 39 41 42 44 45 46 49 50 58 61 63 65 66 68 71 72 73 78 80 84 86 88 91 92 93 94 95 97
V2:  3 6 8 9 10 15 16 22 23 25 26 27 30 31 34 37 41 42 44 45 46 49 50 58 61 63 65 66 71 72 73 84 88 91 93 94 95 97
V3:  6 8 9 10 16 26 30 31 37 41 42 46 49 50 58 61 63 71 72 73 84 91 93 94 95 97
gap: 0
status: feasible
