obj: 17.000000 time: 0.020621 gap: 76.470588 iter: 283
obj: 14.000000 time: 0.078155 gap: 69.798658 iter: 601
obj: 9.000000 time: 0.087036 gap: 50.355224 iter: 666
obj: 8.000000 time: 0.330084 gap: 28.509506 iter: 2081
obj: 7.000000 time: 0.567818 gap: 0.000000 iter: 10446

obj: 7 time: 0.568088
V1:  4 6 7 11 12 14 15 18 19 20 22 23 24 34 35 39 41 47 48 49 51 52 54 55 59 60 66 69 73 74 78
V2:  4 7 11 15 18 19 20 22 24 34 41 47 48 51 52 60 69 74
V3:  4 18 19 22 47 52 74
gap: 0
status: feasible
