obj: 174.000000 time: 0.033639 gap: 0.862069 iter: 21

obj: 173 time: 0.034655
V1:  1 2 3 5 7 8 9 10 12 14 15 16 17 18 22 23 26 28 31 32 33 34 35 39 41 43 44 45 47 49 52 55 56 57 58 59 62 65 66 69 71 74 77 78 84 85 86 87 89 90 92 93 94 96 98 99 102 103 105 106 108 110 111 112 113 115 117 120 121 122 123 126 129 130 131 133 139 140 141 142 148 150 155 156 159 160 161 164 167 171 172 173 174 175 177 180 182 183 184 186 188 189 190 191 193 194 196 198
V2:  1 3 5 7 8 9 10 12 14 15 16 17 18 22 23 26 28 31 32 33 34 35 39 44 45 47 49 52 55 56 57 58 59 62 65 66 69 71 74 77 78 84 85 87 89 92 93 94 96 98 99 102 103 105 106 108 110 111 112 113 115 117 120 121 122 123 126 129 130 131 133 140 142 148 155 159 160 161 164 167 171 172 173 174 175 177 180 182 183 184 186 188 189 190 191 193 194 196 198
V3:  1 3 5 8 9 15 16 17 18 22 23 26 31 32 35 44 45 47 49 52 55 56 58 59 65 66 74 78 85 87 92 94 96 98 99 102 106 108 112 113 115 117 120 121 126 129 131 133 148 159 172 174 175 180 182 184 188 194
gap: 0
status: feasible
