obj: 35.000000 time: 0.501433 gap: 118.578790 iter: 2253
obj: 19.000000 time: 1.126574 gap: 132.923495 iter: 2589
obj: 16.000000 time: 1.320857 gap: 138.810404 iter: 2744
obj: 10.000000 time: 11.018839 gap: 156.253180 iter: 32783
obj: 9.000000 time: 14.898069 gap: 162.415464 iter: 42384
obj: 6.000000 time: 31.807766 gap: 192.529359 iter: 53690
obj: 5.000000 time: 137.920638 gap: 206.217157 iter: 467076
obj: 4.000000 time: 490.059709 gap: 230.428885 iter: 1669493
obj: 3.000000 time: 520.466984 gap: 273.905180 iter: 1789163

obj: 3 time: 1199.85
V1:  2 6 7 9 11 18 19 22 24 26 29 33 37 43 44 52 54 55 57 59 61 64 66 71 72 74 76 79 83 88 90 91 92 93 94 96 100 102 103 107 108 111 112 115 118 120 123 124 128 129 132 133 142 143 144 146 148 154 159 163 164 166 167 168 170 171 179 181 182 185 188 189 191 194 197 199 203 207 214 215 217 220 221 223 232 233 239 244 245 246 254 255 257 258 261 262 263 265 266 267 268 269 270 273 274 275 278 279 281 283 288 292 294 295 296 298 300 302 303 306 308 309 310 311 315 316 326 330 333 335 337 340 345 347 350 351 352 354 355 356 358 362 364 368 373 377 378 380 389 394 399 404 406 407 409 411 412 416 419 420 425 431 439 440 444 445 446 447 448 449 450 451 452 455 461 466 472 473 481 482 485 487 488 489 493 494 499
V2:  7 9 11 19 29 37 52 61 66 72 76 79 90 91 92 96 112 118 120 123 128 133 142 159 164 181 185 188 194 199 215 221 223 233 239 244 258 263 265 266 267 268 269 278 281 288 292 296 298 300 302 306 308 311 333 335 337 345 347 350 351 354 356 368 373 377 378 380 394 399 407 409 419 425 445 446 447 449 450 452 461 466 472 481 485 489 499
V3:  61 66 76 92 112 118 120 142 159 164 181 194 221 223 265 266 278 281 288 292 300 308 311 335 337 345 350 356 373 378 394 399 409 445 446 450 452 466 472 481 485 499
gap: 2.68593
status: feasible
