obj: 40.000000 time: 0.017054 gap: 10.000000 iter: 55

obj: 40 time: 0.05208
V1:  1 6 9 10 11 12 13 14 18 20 21 26 28 30 31 32 35 36 37 39 43 44 48 49 53 56 59 60 63 65 66 70 71 74 79 80
V2:  6 10 12 13 14 18 20 21 26 28 30 31 32 35 36 37 39 43 44 49 53 56 60 63 65 70 71 79
V3:  6 10 12 13 20 21 26 28 32 35 37 44 49 53 60 63 65 70 71 79
gap: 0
status: feasible
