obj: 31.000000 time: 0.143614 gap: 96.009128 iter: 1087
obj: 20.000000 time: 0.308492 gap: 92.263971 iter: 1229
obj: 17.000000 time: 0.658323 gap: 86.944527 iter: 2010
obj: 16.000000 time: 1.599919 gap: 85.702241 iter: 2379
obj: 13.000000 time: 3.177520 gap: 81.840191 iter: 21683
obj: 12.000000 time: 4.519620 gap: 80.169787 iter: 29190
obj: 11.000000 time: 11.258695 gap: 76.967227 iter: 39314
obj: 8.000000 time: 20.265331 gap: 65.975121 iter: 99624

obj: 8 time: 1193.19
V1:  1 3 5 6 8 19 23 25 27 30 32 34 35 36 39 40 41 42 49 50 51 52 53 57 58 59 60 68 69 70 73 75 76 77 79 85 86 88 89 91 92 94 97 102 103 108 109 112 113 116 118 119 122 124 127 132 133 138 142 144 148 149 152 154 156 167 168 169 174 175 178 180 183 189 192 194 197 198 201 203 204 208 216 220 222 227 231 232 237 238 244 246 250 252 255 257 259 260 262 263 265 266 269 270 273 274 276 279 281 282 287 289 291 294 299
V2:  6 8 19 35 40 52 57 58 59 60 68 70 76 77 79 85 102 108 112 119 122 124 127 132 133 142 144 148 149 154 167 168 169 174 175 178 183 189 216 220 227 232 238 255 266 269 270 273 274 276 279 281 291 299
V3:  19 40 52 60 77 79 102 108 112 124 127 132 142 144 148 174 178 220 232 238 255 270 274 276
gap: 0.524733
status: feasible
