obj: 10.000000 time: 0.007785 gap: 35.000000 iter: 32
obj: 9.000000 time: 0.009298 gap: 22.222222 iter: 40

obj: 9 time: 0.016948
V1:  3 7 8 10 13 14 15 18 20
V2:  3 7 8 10 14 15 18
V3:  7 8 10 18
gap: 0
status: feasible
