obj: 26.000000 time: 0.008114 gap: 16.483516 iter: 63
obj: 23.000000 time: 0.011261 gap: 4.347826 iter: 72

obj: 23 time: 0.013379
V1:  2 3 4 7 8 9 10 11 13 16 17 19 22 29 30
V2:  2 3 4 7 8 9 10 11 13 16 17 19 22 29 30
V3:  3 7 9 10 11 19 29 30
gap: 0
status: feasible
