obj: 61.000000 time: 0.180127 gap: 74.463927 iter: 1558
obj: 58.000000 time: 0.659033 gap: 69.901616 iter: 2624
obj: 41.000000 time: 3.347217 gap: 52.309793 iter: 7739
obj: 38.000000 time: 5.958483 gap: 48.435987 iter: 31343
obj: 35.000000 time: 17.009985 gap: 42.371766 iter: 59004
obj: 33.000000 time: 35.325143 gap: 38.150806 iter: 154670
obj: 32.000000 time: 60.977181 gap: 35.836023 iter: 306721
obj: 31.000000 time: 119.911863 gap: 33.303263 iter: 574924
obj: 30.000000 time: 163.559885 gap: 30.766014 iter: 859791
obj: 29.000000 time: 1115.452256 gap: 26.296226 iter: 6237723

obj: 29 time: 1200.18
V1:  2 4 5 7 11 12 14 17 18 19 21 22 23 27 28 34 35 37 39 43 47 49 50 51 52 53 59 62 65 71 72 73 78 83 84 97 99 100 102 109 112 113 114 119 120 123 132 133 134 137 141 143 147 149 150 156 157 158 161 162 166 172 173 176 179 180 183 186 189 195 196 197 199 200 203 204 205 206 208 210 211 212 213 215 216 219 225 231 232 233 238 239 240 244 245 247 248 249 250 251 253 254 262 263 266 270 276 278 281 285 287 293 294 296 298 300 309 310 311 314 315 318 320 322 323 326 331 334 337 338 342 343 344 345 346 347 348 360 361 364 366 369 370 371 372 374 376 377 380 382 385 386 387 391 392 395 400
V2:  2 11 17 19 21 22 28 35 37 43 47 50 51 59 62 65 73 83 97 99 100 109 112 119 132 141 143 147 156 157 158 172 173 176 179 180 189 196 203 204 205 210 215 225 232 238 240 244 245 248 249 250 251 263 266 270 278 285 287 293 294 298 300 314 318 320 322 323 331 334 338 343 344 345 346 347 361 370 372 380 382 385 391 400
V3:  11 28 37 47 50 65 73 83 109 112 119 147 157 158 172 203 205 210 225 238 244 266 294 300 318 323 331 345 370 372 400
gap: 0.262275
status: feasible
