obj: 19.000000 time: 0.130962 gap: 102.631579 iter: 996
obj: 6.000000 time: 0.268779 gap: 108.333333 iter: 1134
obj: 3.000000 time: 0.697914 gap: 100.000000 iter: 1603
obj: 2.000000 time: 2.341910 gap: 100.000000 iter: 23964
obj: 1.000000 time: 6.093793 gap: 100.000000 iter: 66660

obj: 1 time: 50.7246
V1:  5 7 9 12 14 18 21 22 25 31 33 34 43 45 53 54 55 56 60 63 65 66 67 68 72 77 79 80 84 85 92 95 98 99 100 103 105 107 109 110 113 115 116 118 119 121 122 128 129 130 132 133 134 136 138 139 141 146 149 150 156 160 161 162 163 165 170 175 177 178 180 186 188 189 192 195 196
V2:  7 21 25 34 43 53 55 56 60 63 72 80 85 92 98 99 105 107 113 121 128 132 133 139 146 150 156 160 165 175 177 180 186 196
V3:  7 43 53 55 56 85 92 99 105 132 139 160 180
gap: 0
status: feasible
