obj: 23.000000 time: 0.005955 gap: 5.797101 iter: 14

obj: 22 time: 0.007042
V1:  1 3 4 5 8 9 11 12 14 15 18 20
V2:  1 3 4 5 8 9 11 12 14 15 18 20
V3:  1 3 4 5 8 11
gap: 0
status: feasible
