obj: 42.000000 time: 0.005881 gap: 2.380952 iter: 8

obj: 42 time: 0.006082
V1:  1 2 3 4 6 7 8 9 10 11 13 15 17 18 20 21 22 23 24 26 27 28 29
V2:  1 2 3 4 7 8 9 10 11 13 15 17 18 20 21 22 23 24 26 27 28 29
V3:  4 7 9 26
gap: 0
status: feasible
