obj: 31.000000 time: 0.268962 gap: 106.921691 iter: 1634
obj: 19.000000 time: 0.825202 gap: 108.794933 iter: 2256
obj: 13.000000 time: 2.417715 gap: 111.586157 iter: 2780
obj: 10.000000 time: 14.333052 gap: 112.231787 iter: 48230
obj: 9.000000 time: 22.227363 gap: 113.231543 iter: 72670
obj: 8.000000 time: 103.532178 gap: 111.632525 iter: 496830
obj: 5.000000 time: 148.232708 gap: 117.823350 iter: 754321
obj: 4.000000 time: 405.014956 gap: 119.340228 iter: 2062415

obj: 4 time: 1200.29
V1:  3 8 12 14 18 19 21 25 27 33 35 37 40 42 43 48 51 55 58 59 61 62 65 66 68 69 70 74 76 77 79 83 84 91 95 99 102 103 111 119 123 129 130 131 132 137 138 140 141 143 144 148 150 153 157 158 163 164 166 167 170 171 173 174 177 179 184 187 189 192 195 196 197 199 202 203 205 208 210 211 217 221 222 224 225 226 227 231 233 234 237 241 244 246 249 251 252 255 261 266 272 273 274 275 278 284 287 289 290 291 292 293 294 299 300 301 305 309 310 314 315 317 318 322 323 327 332 337 341 345 348 350 351 354 357 359 360 373 376 377 378 392 393 396 397 398
V2:  3 8 12 27 35 37 42 43 58 59 61 65 66 70 74 76 77 83 95 102 103 119 129 132 137 141 143 153 157 158 166 177 184 205 208 210 211 217 221 222 225 227 231 237 244 249 255 272 275 284 287 290 291 292 293 294 314 315 317 322 323 327 337 341 351 373 392 393 396
V3:  12 27 35 42 43 58 65 66 70 74 76 95 103 119 129 137 153 158 184 205 208 211 221 222 227 244 249 255 275 287 291 292 294 315 317 322 323 327 337 373 392 393 396
gap: 1.11532
status: feasible
