obj: 40.000000 time: 0.006798 gap: 3.333333 iter: 14

obj: 39 time: 0.007766
V1:  1 2 3 4 5 6 7 8 10 11 12 13 14 16 17 22 23 27 28 29
V2:  1 2 3 4 5 6 7 8 10 11 12 13 14 16 17 22 23 27 28 29
V3:  4 5 6 8 10 12 13 16 29
gap: 0
status: feasible
