obj: 19.000000 time: 0.020109 gap: 60.902256 iter: 248
obj: 16.000000 time: 0.089886 gap: 44.503651 iter: 759
obj: 14.000000 time: 0.155567 gap: 35.269873 iter: 1074
obj: 13.000000 time: 0.212003 gap: 30.176012 iter: 1135
obj: 12.000000 time: 0.249262 gap: 23.374074 iter: 2430
obj: 11.000000 time: 2.388878 gap: 0.000000 iter: 34479

obj: 11 time: 2.38925
V1:  3 6 7 8 11 12 14 18 19 21 25 26 28 29 30 31 32 37 40 43 48 51 58 60 63 64 67 68 73 75 78 79
V2:  8 11 12 14 19 21 25 28 29 30 31 32 40 60 63 67 68 75 78 79
V3:  19 25 29 30 32 67 78
gap: 0
status: feasible
