obj: 44.000000 time: 0.011236 gap: 2.272727 iter: 10

obj: 44 time: 0.012414
V1:  1 2 3 6 7 9 11 13 14 15 16 18 19 21 22 27 28 30 32 37 38 39 40 41 43 46 48
V2:  1 2 3 6 7 9 11 13 14 15 16 18 22 27 28 30 32 37 38 39 40 41 43 46
V3:  1 2 3 7 9 11 13 14 15 16 18 22 32 37 41 43
gap: 0
status: feasible
