obj: 27.000000 time: 0.005555 gap: 3.703704 iter: 8

obj: 27 time: 0.005768
V1:  1 2 3 4 7 8 9 10 11 12 13 14 16 17 18
V2:  1 3 4 7 8 9 10 11 12 13 14 16 17 18
V3:  4 12 13
gap: 0
status: feasible
