obj: -2.000000 time: 0.702850 gap: 828.279224 iter: 2439
obj: -7.000000 time: 7.741454 gap: 161.858551 iter: 19505
obj: -9.000000 time: 18.458696 gap: 103.486441 iter: 30358
obj: -12.000000 time: 37.501148 gap: 52.451584 iter: 71340
obj: -13.000000 time: 79.440587 gap: 40.409660 iter: 219595
obj: -14.000000 time: 323.340748 gap: 29.368348 iter: 985468

obj: -14 time: 1200.07
V1:  5 9 10 15 22 24 29 30 31 35 37 38 39 41 44 46 48 56 57 61 62 63 64 68 70 71 73 75 81 90 94 95 98 100 104 106 108 109 113 121 124 125 130 134 137 140 141 143 144 145 150 154 160 162 165 167 176 178 179 182 184 185 186 189 191 201 202 203 204 207 208 210 213 215 217 219 225 226 227 231 234 235 237 241 242 245 246 247 251 252 256 259 260 262 274 279 281 285 288 289 291 298 302 306 307 308 309 314 317 319 321 322 323 324 326 329 331 333 334 335 336 339 345 348 349 354 355 368 369 373 375 376 379 380 385 386 387 388 392 394 400 401 403 405 407 409 411 412 413 420 423 426 429 431 435 438 443 444 446 447 454 455 456 459 461 464 468 469 471 473 475 476 477 479 480 487 490 496 499
V2:  9 15 22 29 30 31 38 46 48 56 70 81 95 104 106 108 109 121 125 130 141 145 162 176 179 185 189 204 215 217 219 225 234 241 247 251 259 274 281 285 288 298 302 307 309 319 321 322 329 331 333 345 349 354 368 373 375 376 379 380 385 386 387 388 394 405 411 412 420 423 431 435 438 443 444 446 456 459 461 471 473 475 496 499
V3:  9 15 22 29 30 31 38 48 70 95 109 125 176 189 204 219 225 285 288 298 309 319 321 322 329 345 349 354 375 376 380 387 388 405 411 412 438 443 446 456 459 461 473 496
gap: 0.281329
status: feasible
