obj: 61.000000 time: 0.160603 gap: 73.139857 iter: 1440
obj: 59.000000 time: 0.512846 gap: 69.001510 iter: 2445
obj: 37.000000 time: 3.793503 gap: 44.161913 iter: 9664
obj: 34.000000 time: 7.322892 gap: 39.022410 iter: 42524
obj: 33.000000 time: 17.017458 gap: 35.588012 iter: 56857
obj: 32.000000 time: 49.054171 gap: 32.835305 iter: 208406
obj: 30.000000 time: 138.744178 gap: 27.425183 iter: 607351

obj: 30 time: 1199.94
V1:  1 4 6 7 9 11 12 14 15 18 19 20 21 22 25 26 31 32 36 37 38 40 41 43 48 49 50 53 56 58 60 62 65 69 72 79 80 81 85 89 91 93 97 100 107 108 109 112 113 117 121 122 123 126 128 129 130 135 145 146 147 150 153 154 159 164 166 169 174 175 178 179 183 184 186 187 188 189 192 195 197 198 199 203 204 208 212 213 217 220 224 225 229 230 233 235 239 240 242 243 249 253 254 259 267 269 271 272 274 278 280 281 284 287 290 291 292 293 295 298 300 302 304 306 314 318 319 320 321 322 324 327 333 334 335 337 338 344 350 351 352 356 359 361 362 363 365 366 370 376 387 388 390 391 400
V2:  4 7 9 11 12 21 22 25 32 37 40 43 48 49 50 53 62 65 79 85 89 93 97 100 107 109 113 123 129 130 147 150 153 159 164 169 174 183 184 186 187 188 192 195 198 199 204 208 213 217 220 229 239 242 253 259 267 271 278 280 281 284 287 290 291 295 298 306 318 320 324 334 337 338 344 352 363 365 370 387 391 400
V3:  4 12 22 25 32 37 89 93 109 113 129 130 147 159 164 192 195 198 208 213 220 229 239 242 253 259 281 290 298 318 324 334 337 338 344 352 365 370
gap: 0.246848
status: feasible
