obj: 206.000000 time: 0.153538 gap: 18.001618 iter: 585
obj: 192.000000 time: 0.212378 gap: 8.385390 iter: 993
obj: 188.000000 time: 0.507973 gap: 2.822053 iter: 3297
obj: 187.000000 time: 0.852889 gap: 1.498765 iter: 4377
obj: 186.000000 time: 1.020574 gap: 0.624171 iter: 7475

obj: 186 time: 1.02613
V1:  4 7 8 11 13 15 17 19 25 27 29 30 34 37 41 47 50 53 56 58 60 61 68 71 72 73 74 75 76 80 81 82 85 87 88 90 92 96 97 100 102 106 107 108 109 113 114 115 116 117 118 120 123 124 125 126 130 131 132 133 134 137 140 142 145 149 150 152 156 157 170 174 175 178 181 183 185 187 188 191 193 195 196 201 204 209 214 217 223 227 229 230 237 239 241 242 244 245 246 252 253 254 258 266 268 270 271 274 275 278 280 281 282 286 288 289 290 294 296 297 299 301 305 309 319 323 329 331 334 335 336 338 339 342 344 345 346 349 351 353 355 356 357 358 359 360 363 367 368 369 372 374 377 380 382 384 385 386 387 388 389 390 391 392 394 395 396 399 400 404 405 406 407 408 411 413 414 415 419 420 421 422 423 429 430 431 432 438 443 444 447 448 451 452 453 454 456 457 459 463 465 468 472 475 476 479 480 481 485 487 492 495 496
V2:  4 8 11 13 15 17 25 27 29 30 37 41 47 50 53 56 58 60 61 68 71 73 74 76 80 81 82 85 87 92 96 97 100 102 106 107 108 113 114 115 117 118 120 123 124 125 126 130 132 133 134 137 140 142 145 149 150 152 157 170 174 175 181 183 185 188 193 195 196 201 204 214 217 227 229 230 239 241 242 245 246 252 253 254 258 266 268 270 271 274 275 280 281 282 288 294 296 297 299 301 305 319 323 329 331 334 336 339 353 356 357 358 359 360 363 367 369 372 374 377 380 384 385 386 388 389 390 391 392 394 396 400 405 406 407 411 413 414 419 420 421 422 430 431 443 444 447 451 452 453 454 456 457 468 472 476 479 480 481 492 495 496
V3:  4 8 15 27 41 50 53 56 58 60 61 68 71 74 76 81 82 85 106 108 114 117 118 120 124 125 126 133 134 140 142 145 149 150 157 170 174 175 181 183 185 188 193 195 204 214 229 230 239 241 254 258 270 274 281 288 294 299 301 305 329 336 339 357 358 360 367 369 374 377 384 385 386 388 389 396 400 405 406 407 411 413 414 419 420 421 443 447 453 454 456 457 468 479 480 492 495 496
gap: 0
status: feasible
