obj: 74.000000 time: 0.103056 gap: 70.560360 iter: 1135
obj: 54.000000 time: 0.331636 gap: 56.018059 iter: 1740
obj: 50.000000 time: 0.472335 gap: 51.286447 iter: 2632
obj: 42.000000 time: 2.863921 gap: 35.219989 iter: 11868
obj: 41.000000 time: 11.186800 gap: 31.501799 iter: 51996
obj: 36.000000 time: 18.209833 gap: 21.134798 iter: 90927
obj: 35.000000 time: 19.080119 gap: 18.779014 iter: 96235
obj: 34.000000 time: 637.388425 gap: 11.227092 iter: 4260745
obj: 33.000000 time: 1081.035547 gap: 7.123835 iter: 7163394

obj: 33 time: 1200.02
V1:  2 3 5 6 10 15 16 18 21 23 31 33 36 38 39 40 41 45 47 49 52 55 57 61 67 68 70 80 83 84 86 87 88 90 92 97 101 103 105 118 121 122 124 125 130 132 134 135 136 138 142 144 147 150 153 154 155 156 158 160 162 164 165 166 167 178 181 183 184 190 192 193 198 199 201 204 207 210 212 213 214 216 219 221 223 225 226 228 232 233 235 238 239 241 244 246 252 253 256 259 264 265 267 268 272 273 276 277 278 279 283 285 286 287 291 293 299
V2:  2 3 15 18 23 31 38 39 40 41 45 47 49 57 61 80 83 84 86 87 92 103 105 121 122 124 125 130 135 136 138 144 147 153 154 155 156 158 160 164 165 166 167 178 190 192 198 199 201 204 207 210 212 214 221 223 225 228 232 235 238 239 241 246 253 256 265 272 277 278 279 283 285 287 293 299
V3:  31 38 41 61 87 103 121 124 147 154 156 158 165 204 207 212 223 232 265 272 278 287 299
gap: 0.0684756
status: feasible
