obj: 17.000000 time: 0.084442 gap: 93.004942 iter: 639
obj: 10.000000 time: 0.195812 gap: 85.536637 iter: 779
obj: 7.000000 time: 0.531001 gap: 78.125000 iter: 1254
obj: 6.000000 time: 1.010784 gap: 74.249249 iter: 6121
obj: 5.000000 time: 1.315677 gap: 67.582418 iter: 9661
obj: 4.000000 time: 8.710296 gap: 47.856406 iter: 52237

obj: 4 time: 224.11
V1:  1 2 12 16 22 27 28 31 32 33 34 36 37 41 44 46 48 49 50 52 53 54 58 60 65 66 70 76 77 78 79 80 83 85 88 92 95 104 114 115 117 119 127 132 133 134 136 137 142 144 147 148 149 150 153 156 157 158 159 161 167 168 174 177 178 179 182 183 184 185 186 187 189 194 200
V2:  2 16 22 32 36 37 41 44 49 53 54 58 60 66 77 79 85 88 92 95 104 115 117 119 127 132 134 142 144 149 156 158 159 161 177 184 186 187 189
V3:  36 37 44 58 60 66 77 85 115 132 134 142 161 186 187
gap: 0
status: feasible
