obj: 2.000000 time: 0.626813 gap: 1062.663978 iter: 2503
obj: -9.000000 time: 2.110811 gap: 111.094739 iter: 2907
obj: -13.000000 time: 17.738844 gap: 45.851531 iter: 27956
obj: -15.000000 time: 27.417909 gap: 26.388751 iter: 47334
obj: -16.000000 time: 841.935111 gap: 16.437805 iter: 3149844

obj: -16 time: 1200.08
V1:  6 8 9 11 12 16 21 23 27 28 29 38 39 43 46 49 51 52 53 55 56 58 61 67 69 71 72 73 74 75 76 78 81 82 88 89 91 96 97 98 102 103 105 107 109 112 116 118 129 138 142 145 146 148 149 151 154 155 161 168 172 173 174 180 181 182 183 186 187 190 192 196 199 201 207 214 216 221 225 227 228 229 230 235 236 241 249 251 258 259 263 265 269 270 272 273 275 278 280 281 285 287 289 290 296 301 307 310 314 318 323 326 330 332 335 337 339 340 342 348 350 351 353 354 355 357 370 371 377 378 382 384 385 387 393 398 399 400 402 403 409 411 413 414 419 421 423 429 431 444 446 450 453 457 463 472 475 484 491 493 494 497 500
V2:  11 12 16 27 28 29 38 39 43 52 55 56 58 61 67 71 72 75 76 78 81 82 96 97 98 102 103 105 109 116 138 142 145 148 151 154 161 172 173 181 182 186 190 196 207 214 216 228 230 241 249 251 258 259 263 265 270 273 275 280 281 289 290 296 307 326 337 340 348 350 351 353 354 355 357 370 377 378 385 387 393 398 399 403 409 411 419 423 429 444 446 453 457 472 475 484 491 494 497 500
V3:  12 16 28 56 58 61 67 71 72 76 78 81 97 98 109 138 145 148 181 182 190 196 207 214 228 230 241 249 259 263 270 275 280 281 289 290 296 326 350 351 354 355 370 377 385 393 398 399 403 409 411 444 457 472 475 484 491 500
gap: 0.161239
status: feasible
