obj: 39.000000 time: 0.023428 gap: 45.192308 iter: 252
obj: 33.000000 time: 0.067500 gap: 31.313131 iter: 556
obj: 30.000000 time: 0.134469 gap: 21.853888 iter: 1063
obj: 28.000000 time: 0.233574 gap: 14.504788 iter: 1383
obj: 27.000000 time: 0.444610 gap: 8.839506 iter: 8670
obj: 26.000000 time: 0.640341 gap: 3.846154 iter: 15771

obj: 26 time: 0.653177
V1:  2 4 10 11 20 21 22 27 29 31 42 43 44 45 47 51 52 55 56 60 61 63 66 69 70 71 74 76 77 79 83 86 87 88 89 91 93 95 97 99 100
V2:  2 4 27 29 43 44 45 47 51 52 56 60 61 63 69 70 71 74 76 77 79 83 86 87 88 89 91 93 95 97 99
V3:  43 45 51 52 56 69 70 71 74 76 77 83 97
gap: 0
status: feasible
