obj: 189.000000 time: 0.113941 gap: 1.851852 iter: 90

obj: 187 time: 0.134194
V1:  1 2 6 7 8 9 15 17 22 23 25 26 28 29 31 32 33 35 36 38 40 43 44 47 49 55 56 60 62 63 66 67 71 72 73 74 75 77 81 88 90 91 95 100 104 106 109 116 120 121 122 123 125 126 129 131 133 135 137 140 141 142 143 144 145 147 149 150 152 154 157 159 160 161 163 164 168 169 171 172 177 179 180 181 185 190 192 194 196 198 200 201 205 211 213 215 216 217 218 219 221 222 225 229 231 233 234 236 239 241 243 246 247 250 256 258 259 262 267 268 273 274 275 276 277 278 279 280 282 284 289 293 295 297 298 302 303 304 305 306 309 310 312 313 314 317 318 320 321 323 325 326 328 329 332 335 337 340 342 344 348 351 352 357 359 360 368 378 381 383 384 385 388 389 390 392 395 396 399 400
V2:  6 7 9 15 17 22 25 28 29 31 32 33 35 36 38 40 43 47 49 55 56 60 62 66 67 71 72 73 74 75 81 88 91 95 100 104 106 109 116 120 121 123 125 126 129 131 133 135 140 141 142 143 145 147 150 154 157 159 160 161 163 164 168 169 171 172 177 179 180 181 185 190 194 198 200 201 211 213 215 216 217 218 219 221 222 229 231 233 239 241 243 246 247 250 256 258 268 273 274 276 277 278 279 280 282 284 293 295 297 298 302 304 305 306 312 313 314 317 318 320 321 323 325 326 328 335 337 340 344 351 352 357 359 360 368 381 383 384 388 389 390 392
V3:  6 7 15 17 22 28 29 33 35 36 40 43 47 62 74 75 81 88 95 100 104 116 120 123 126 131 133 135 140 142 143 147 150 157 159 161 163 168 169 171 172 177 181 190 198 201 213 215 216 218 219 229 231 246 247 256 273 274 277 278 279 280 284 295 297 302 304 305 306 312 313 317 318 320 337 344 351 352 357 359 368 384 388 390 392
gap: 0
status: feasible
