obj: 55.000000 time: 0.308499 gap: 79.077785 iter: 2339
obj: 38.000000 time: 1.050090 gap: 65.044819 iter: 3479
obj: 35.000000 time: 5.116188 gap: 57.422798 iter: 9201
obj: 33.000000 time: 24.593138 gap: 53.697556 iter: 55694
obj: 31.000000 time: 79.486094 gap: 49.887336 iter: 301599
obj: 26.000000 time: 172.578455 gap: 39.995079 iter: 680706
obj: 25.000000 time: 203.309665 gap: 37.412343 iter: 836094
obj: 24.000000 time: 1144.615797 gap: 33.118634 iter: 6528361

obj: 24 time: 1200
V1:  3 4 10 14 15 16 18 23 25 26 27 28 29 33 36 37 39 40 41 43 46 47 49 51 52 54 57 60 67 68 69 70 72 73 77 78 80 83 84 89 91 96 101 107 108 120 121 123 124 129 130 131 137 145 146 149 150 155 156 158 169 171 175 178 184 185 186 187 188 193 194 195 196 197 201 202 205 211 213 214 221 225 227 228 229 231 237 239 243 244 245 246 249 255 258 259 260 265 270 276 280 284 288 292 296 298 302 306 308 310 312 313 317 319 321 323 325 326 327 328 329 330 331 335 336 337 339 342 344 346 354 357 359 360 361 363 365 366 367 368 369 374 377 380 381 382 384 386 388 389 390 392 393 395 399 401 405 409 410 411 413 414 415 418 419 420 429 433 436 437 439 442 445 448 453 454 459 464 467 468 469 470 471 472 475 477 478 482 483 485 487 488 489 491 497 498 499
V2:  4 14 15 16 23 25 33 36 37 39 47 51 52 70 72 78 83 89 91 96 107 108 121 123 124 130 131 137 145 146 149 150 155 156 169 171 178 186 188 193 196 197 211 225 228 229 231 239 260 296 298 302 310 312 313 319 321 325 326 329 331 336 339 342 344 346 354 365 367 374 380 381 389 393 401 405 418 419 420 429 433 437 442 445 469 470 471 477 482 489 497
V3:  4 14 36 39 78 83 96 121 137 145 146 149 150 156 188 196 211 225 228 229 296 302 310 312 313 325 326 329 336 374 381 393 405 419 429 471 482 489 497
gap: 0.330331
status: feasible
