obj: 26.000000 time: 0.023603 gap: 58.653846 iter: 254
obj: 25.000000 time: 0.088521 gap: 48.128000 iter: 847
obj: 18.000000 time: 0.270714 gap: 20.713012 iter: 2051
obj: 17.000000 time: 1.319468 gap: 6.894305 iter: 19127

obj: 17 time: 1.38943
V1:  1 3 6 7 8 9 10 13 18 19 22 25 26 29 31 34 40 41 43 46 47 50 53 54 57 62 71 73 74 76 80 83 85 88 90 91 93 94 96
V2:  1 6 8 13 18 19 26 29 31 34 41 43 50 53 54 62 73 74 76 85 88 90 91 94
V3:  1 19 26 29 31 34 41 43 50 54 73 76 88 90 94
gap: 0
status: feasible
