obj: 54.000000 time: 0.054456 gap: 38.888889 iter: 464
obj: 46.000000 time: 0.345975 gap: 17.016929 iter: 2146
obj: 45.000000 time: 0.746986 gap: 14.412073 iter: 5126
obj: 44.000000 time: 0.959662 gap: 11.848731 iter: 8043
obj: 43.000000 time: 3.725125 gap: 7.293195 iter: 21348
obj: 42.000000 time: 5.672530 gap: 3.089497 iter: 48838

obj: 42 time: 5.81849
V1:  1 3 4 11 12 13 14 17 20 21 23 24 26 33 37 39 42 43 45 47 49 50 54 55 56 57 58 59 60 72 75 76 79 80 81 83 85 87 92 93 99 101 102 103 105 106 107 108 109 115 121 123 124 125 131 134 138 139 142 143 148 150 153 157 158 159 161 162 164 170 176 178 182 185 186 195 198 199
V2:  3 4 11 12 13 14 17 20 21 23 24 26 42 45 47 49 54 60 72 75 76 81 83 85 87 92 99 102 103 106 107 109 115 121 123 124 125 131 139 143 148 153 157 158 161 162 164 170 182 185 186 195 198 199
V3:  4 11 14 20 21 23 24 26 45 49 75 76 85 87 92 99 103 107 109 115 143 148 157 158 161 164 170 182 185 186 198 199
gap: 0
status: feasible
