obj: 31.000000 time: 0.022360 gap: 42.741935 iter: 292
obj: 27.000000 time: 0.138150 gap: 22.878595 iter: 1120
obj: 25.000000 time: 0.385906 gap: 10.952258 iter: 2361

obj: 23 time: 0.408509
V1:  1 2 4 6 8 11 14 15 19 20 21 22 23 27 30 31 33 38 39 45 47 48 50 51 55 62 63 66 67 68 72 74 76 80 82 85 88 91 93 98
V2:  1 2 4 11 14 20 21 22 23 27 30 33 45 47 50 51 55 62 67 68 72 76 80 85 88 91 98
V3:  1 4 11 20 21 22 30 45 47 50 67 72 76 85 88 91
gap: 0
status: feasible
