obj: 52.000000 time: 0.010330 gap: 5.288462 iter: 16
obj: 51.000000 time: 0.011352 gap: 1.960784 iter: 17

obj: 50 time: 0.012408
V1:  1 2 3 4 5 7 10 11 12 13 16 19 20 22 23 25 26 28 30 31 33 36 37 38 39 40 41 42 43 44 48
V2:  1 2 3 7 10 11 12 13 16 19 20 23 25 26 28 30 31 33 36 37 38 39 40 41 43 44 48
V3:  1 2 3 10 23 36 38 39 40 41 43
gap: 0
status: feasible
