obj: 14.000000 time: 0.012431 gap: 7.142857 iter: 81

obj: 13 time: 0.025048
V1:  1 2 5 10 11 15 16 18 21 23 24 25 26 27 29 36 38 40 42 46 48
V2:  1 5 10 11 15 16 18 25 27 38 40 42 48
V3:  10 11 16 25 38 40 42 48
gap: 0
status: feasible
