obj: 59.000000 time: 0.047641 gap: 59.745763 iter: 679
obj: 50.000000 time: 0.264697 gap: 40.483748 iter: 2129
obj: 47.000000 time: 0.372287 gap: 35.408514 iter: 2601
obj: 39.000000 time: 0.476656 gap: 21.210218 iter: 3121
obj: 38.000000 time: 0.716763 gap: 18.196678 iter: 4031
obj: 37.000000 time: 1.004346 gap: 15.698164 iter: 4418
obj: 36.000000 time: 1.750153 gap: 13.298496 iter: 15960

obj: 36 time: 32.2637
V1:  3 4 5 6 10 12 14 16 22 25 30 32 36 37 39 42 44 46 48 49 62 63 66 70 73 78 79 80 81 83 88 91 92 93 96 97 98 99 102 110 111 113 121 123 126 127 130 133 140 143 144 146 147 148 150 151 152 153 154 156 157 159 160 162 163 164 166 167 168 169 171 175 176 182 187 193 196 198
V2:  4 6 10 12 16 25 30 37 39 42 44 49 62 63 66 78 79 80 81 83 88 91 92 97 98 102 110 111 113 121 123 126 127 130 133 144 146 148 150 152 154 156 160 164 166 167 168 169 171 175 176 182 187 196 198
V3:  4 6 30 37 42 44 63 66 80 91 92 98 102 110 111 121 144 150 160 164 166 168 176 187 198
gap: 0
status: feasible
