obj: 10.000000 time: 0.383783 gap: 225.904448 iter: 1665
obj: 1.000000 time: 1.149493 gap: 1336.755411 iter: 2007
obj: -2.000000 time: 1.892513 gap: 517.080828 iter: 2080
obj: -4.000000 time: 5.277903 gap: 207.697862 iter: 22124
obj: -6.000000 time: 7.246967 gap: 105.094219 iter: 31221
obj: -7.000000 time: 13.200686 gap: 75.795045 iter: 39294
obj: -8.000000 time: 360.940564 gap: 49.779359 iter: 2035358
obj: -9.000000 time: 871.311295 gap: 31.505643 iter: 4534772

obj: -9 time: 1200.27
V1:  1 2 4 7 9 20 31 32 33 36 38 39 45 46 47 49 53 54 56 57 58 62 69 70 72 74 76 78 83 86 88 89 90 91 94 95 99 101 102 107 109 110 111 112 115 120 129 132 134 142 144 145 152 160 162 163 164 166 167 168 173 182 183 184 188 189 191 193 196 200 203 215 217 221 227 235 241 242 244 245 246 247 254 256 257 263 269 272 276 278 281 282 284 285 286 294 295 298 300 301 306 312 315 316 318 319 321 322 325 326 328 329 331 334 335 341 342 346 348 349 351 355 358 359 363 365 368 369 371 372 373 380 382 384 386 387 388 390 391 395 396
V2:  1 2 9 20 36 38 39 45 46 47 53 57 69 70 83 86 91 99 102 107 109 111 112 120 132 142 145 163 164 167 183 184 188 191 193 203 215 217 227 235 241 244 245 246 269 272 276 278 282 294 298 300 312 316 318 321 322 328 329 331 334 341 346 348 349 351 363 371 372 373 380 382 384 386 388 391
V3:  1 9 20 47 83 91 109 112 164 183 217 235 245 246 269 272 276 294 298 316 318 321 322 328 331 341 346 349 363 371 373 380 382
gap: 0.309881
status: feasible
