obj: 207.000000 time: 0.048201 gap: 2.173913 iter: 52
obj: 206.000000 time: 0.050626 gap: 1.456311 iter: 69

obj: 206 time: 0.074914
V1:  1 3 4 6 7 11 12 13 14 15 16 17 21 22 23 24 25 30 31 32 36 41 42 43 46 47 48 49 50 54 56 58 59 61 64 65 66 67 70 72 74 75 76 77 78 79 80 81 84 86 88 90 92 93 97 98 100 101 102 104 105 106 107 111 113 116 120 121 122 123 125 129 131 134 138 139 143 146 149 150 151 152 153 154 158 159 160 162 163 166 167 169 171 172 173 176 178 179 180 184 186 187 188 192 193 197 198 201 202 203 204 206 209 210 211 214 215 217 219 225 226 227 229 230 231 233 239 243 248 251 252 253 254 259 263 264 265 269 270 271 276 280 281 282 283 284 286 287 288 291 298 300
V2:  1 3 6 7 12 13 14 15 16 17 21 22 23 25 30 32 36 41 42 43 46 47 48 49 50 54 56 58 59 61 64 65 66 67 70 72 74 75 76 77 78 79 80 81 84 86 90 92 97 98 100 101 104 105 106 107 111 113 120 121 122 129 134 138 143 146 149 150 151 152 153 158 159 160 166 167 169 171 172 176 178 179 180 184 186 187 188 192 193 197 198 201 202 203 204 206 209 210 211 214 215 217 219 225 226 229 230 231 233 239 243 248 251 252 253 254 259 263 264 270 271 280 281 282 283 286 287 288 291 298 300
V3:  1 12 14 15 16 17 23 30 32 41 46 47 48 49 54 59 64 65 66 67 72 74 76 77 78 81 84 92 97 98 100 104 106 107 111 120 122 134 143 150 151 152 153 158 159 160 172 176 178 179 192 193 198 202 204 209 211 215 225 226 248 253 254 259 263 270 271 281 282 286 298
gap: 0
status: feasible
