obj: 220.000000 time: 0.179510 gap: 37.386364 iter: 1022
obj: 198.000000 time: 0.343274 gap: 24.683685 iter: 2071
obj: 195.000000 time: 0.475989 gap: 20.970466 iter: 3288
obj: 184.000000 time: 0.846449 gap: 12.394230 iter: 5759
obj: 177.000000 time: 0.880825 gap: 8.929595 iter: 5759
obj: 175.000000 time: 1.976154 gap: 6.236941 iter: 8680
obj: 174.000000 time: 2.951184 gap: 5.565960 iter: 20561
obj: 171.000000 time: 3.183237 gap: 3.877945 iter: 24016
obj: 170.000000 time: 23.247462 gap: 1.176471 iter: 223668

obj: 170 time: 34.0138
V1:  2 3 5 6 9 10 11 16 18 21 22 23 24 27 28 30 33 34 36 37 41 45 47 48 49 50 51 52 53 54 57 60 66 69 70 71 74 75 76 78 79 80 85 90 91 92 93 94 95 96 98 100 102 107 110 111 114 118 119 125 126 129 130 133 137 140 147 150 151 152 154 155 156 160 162 163 165 167 168 169 174 175 176 178 186 187 188 194 195 196 197 199 201 203 207 210 215 217 219 220 221 228 231 233 234 235 237 241 242 247 249 251 252 253 259 265 266 270 273 274 275 276 278 279 281 287 289 291 292 294 301 306 318 321 322 323 325 326 329 332 336 337 341 347 349 350 351 355 356 360 364 366 374 376 381 383 386 387 390 395 398 399 400 402 403 404 406 409 412 413 418 419 421 422 423 425 427 428 429 441 444 445 447 450 453 456 457 459 463 464 465 467 470 472 473 476 478 480 486 487 489 490 491 493 494 496 497 499 500
V2:  2 5 6 9 10 11 18 27 28 30 33 34 45 47 48 49 50 51 52 53 54 57 69 70 71 74 75 78 79 80 85 90 91 93 94 95 100 102 107 110 111 114 118 125 126 129 137 147 150 151 154 155 160 162 165 167 168 174 175 176 178 186 187 188 194 195 196 197 201 203 210 215 217 220 228 233 234 237 241 247 251 252 253 259 265 270 273 274 275 276 278 279 281 287 291 294 301 318 321 322 325 329 332 336 337 341 347 349 350 356 360 364 366 374 376 381 386 387 390 395 398 399 400 404 409 412 413 418 419 421 423 425 428 429 441 445 447 450 453 456 457 467 470 472 473 476 478 486 487 490 491 493 494 499 500
V3:  2 5 9 11 18 27 33 34 49 51 53 54 69 70 71 79 80 85 91 93 95 100 102 107 110 114 118 125 129 137 147 150 151 155 160 162 165 167 174 175 178 186 187 188 194 195 234 237 247 251 252 273 274 275 278 279 281 294 301 318 325 329 332 336 337 341 347 356 360 366 376 381 387 395 398 399 400 409 412 413 418 419 421 423 428 429 445 447 450 457 467 472 473 478 491 494 499
gap: 0
status: feasible
