obj: 13.000000 time: 0.086374 gap: 92.307692 iter: 548
obj: 7.000000 time: 0.414886 gap: 85.714286 iter: 1111
obj: 4.000000 time: 0.728635 gap: 75.000000 iter: 1310
obj: 3.000000 time: 2.599946 gap: 66.666667 iter: 28883
obj: 2.000000 time: 189.654997 gap: 0.000000 iter: 1973978

obj: 2 time: 189.657
V1:  2 3 7 9 15 16 17 19 25 27 29 32 36 37 38 44 46 52 53 54 55 59 64 66 71 72 73 74 76 77 79 82 84 88 91 92 94 96 103 111 114 115 116 118 119 121 122 125 128 129 130 132 133 134 136 137 139 144 148 154 155 157 158 160 163 172 173 174 176 178 181 184 191 192 194 198 200
V2:  3 7 9 25 27 44 55 77 82 84 88 103 111 115 118 128 134 136 137 139 144 148 154 155 172 173 174 178 191 192 200
V3:  3 7 25 44 55 77 84 103 134 136 137 144 155 172 173 174 200
gap: 0
status: feasible
