obj: 6.000000 time: 0.545092 gap: 390.298596 iter: 1736
obj: -3.000000 time: 2.008727 gap: 470.540884 iter: 2133
obj: -11.000000 time: 8.706869 gap: 54.808135 iter: 29090
obj: -12.000000 time: 1106.631898 gap: 37.588975 iter: 3875670

obj: -12 time: 1200.48
V1:  10 12 16 17 19 20 22 23 26 28 29 31 33 36 41 42 43 45 49 53 61 65 66 68 69 73 74 75 79 81 83 90 94 96 107 110 112 115 117 120 124 126 128 130 132 135 136 139 140 142 145 146 147 150 152 153 157 159 160 163 165 166 168 169 171 173 176 182 186 192 197 201 206 209 212 215 216 217 219 220 224 226 229 235 239 242 248 249 250 251 256 257 261 263 264 265 266 268 270 271 278 282 284 286 290 294 295 296 298 300 301 304 305 316 319 323 328 336 337 339 340 347 348 355 356 357 360 361 362 363 366 367 368 372 376 380 381 386 387 388 390 398 399 404 407 410 411 415 416 420 426 427 429 433 438 441 442 444 450 451 452 455 456 457 459 461 462 464 467 469 470 472 480 481 485 488 494 495 496 498 500
V2:  10 16 17 20 22 23 26 36 42 43 45 53 61 69 73 90 94 107 112 115 126 128 136 150 160 166 168 169 182 186 197 216 220 226 229 248 263 264 266 282 294 295 301 304 305 316 319 323 328 339 340 347 348 355 357 360 361 362 363 368 376 380 386 388 404 407 411 427 429 433 442 452 455 457 461 467 472 485 488 495 498
V3:  10 20 22 23 26 43 45 53 61 73 112 115 126 150 168 169 197 220 226 229 248 264 282 294 295 304 323 347 348 360 362 363 368 388 411 427 429 433 442 457 461 472 488 495 498
gap: 0.375221
status: feasible
