obj: 44.000000 time: 0.251958 gap: 80.077396 iter: 1734
obj: 40.000000 time: 0.823261 gap: 73.743726 iter: 2692
obj: 32.000000 time: 4.893855 gap: 60.702034 iter: 8176
obj: 28.000000 time: 23.912594 gap: 52.765838 iter: 54298
obj: 26.000000 time: 55.564223 gap: 48.100808 iter: 176364
obj: 25.000000 time: 99.670415 gap: 45.319098 iter: 385306
obj: 23.000000 time: 159.411194 gap: 40.278884 iter: 600810

obj: 23 time: 1200.13
V1:  2 4 5 7 9 11 14 17 19 20 22 23 31 32 33 35 36 39 41 42 43 49 51 53 55 56 59 64 65 69 73 75 76 77 79 83 85 88 93 94 95 96 98 101 103 105 106 107 115 117 124 126 128 129 133 135 138 144 147 155 157 160 161 166 171 173 174 175 179 184 185 186 188 189 195 196 201 202 204 208 209 210 211 214 217 220 221 224 225 226 228 229 231 232 234 235 243 244 245 250 251 254 256 264 272 273 277 280 284 286 287 289 293 295 297 299 301 302 305 307 309 312 318 322 323 328 330 333 338 339 344 345 346 347 348 349 351 354 355 357 360 361 365 366 368 370 372 380 381 383 385 386 390 391 396 397 398 400 404 406 407 409 414 415 416 419 421 425 427 435 440 441 444 445 449 454 458 460 469 471 476 477 480 484 486 493 494 496 500
V2:  5 11 19 20 22 33 35 36 41 49 51 55 59 69 73 79 83 85 94 95 96 98 101 103 105 124 126 128 129 155 161 171 173 174 175 184 185 188 189 195 196 210 220 224 225 228 229 231 234 250 251 256 264 272 277 280 289 293 295 301 302 305 307 309 312 318 323 328 330 333 338 344 346 347 348 351 354 355 360 361 368 381 386 390 391 396 398 400 404 409 419 421 425 435 441 471 477 486 493 494 496 500
V3:  11 19 20 22 51 73 94 96 101 105 124 126 128 155 171 173 184 210 225 228 234 251 256 264 277 295 302 305 307 312 318 323 328 344 355 361 381 386 398 404 471 477 486
gap: 0.37416
status: feasible
