obj: 19.000000 time: 0.027027 gap: 75.614035 iter: 274
obj: 14.000000 time: 0.052750 gap: 65.988877 iter: 352
obj: 12.000000 time: 0.110795 gap: 53.318745 iter: 717
obj: 11.000000 time: 0.341363 gap: 44.746043 iter: 3076
obj: 10.000000 time: 0.348298 gap: 39.220648 iter: 3196
obj: 9.000000 time: 0.466397 gap: 31.657626 iter: 5984
obj: 8.000000 time: 5.483693 gap: 0.000000 iter: 102997

obj: 8 time: 5.48401
V1:  1 3 4 5 7 11 13 15 16 18 19 20 22 23 25 26 28 29 30 37 39 41 42 47 51 53 56 59 61 66 70 71 72 75 79 81 82 84 92 95
V2:  1 3 5 11 16 20 26 37 39 47 51 53 66 70 75 79 82 84
V3:  3 5 16 47 51 70 75 79 82 84
gap: 0
status: feasible
