obj: 66.000000 time: 0.436199 gap: 81.168117 iter: 3171
obj: 65.000000 time: 1.051236 gap: 79.435796 iter: 4136
obj: 37.000000 time: 2.742912 gap: 62.253970 iter: 6102
obj: 36.000000 time: 6.264523 gap: 60.546729 iter: 39374
obj: 33.000000 time: 9.339008 gap: 56.960068 iter: 53143
obj: 30.000000 time: 22.630755 gap: 50.152487 iter: 70377
obj: 28.000000 time: 76.433165 gap: 44.996159 iter: 314227
obj: 27.000000 time: 147.696827 gap: 42.613481 iter: 683867
obj: 24.000000 time: 170.275654 gap: 35.432265 iter: 691115
obj: 23.000000 time: 1130.802238 gap: 30.469072 iter: 7117435

obj: 23 time: 1199.93
V1:  2 5 6 8 10 14 15 16 17 21 22 23 29 32 37 38 41 43 46 50 51 54 56 58 59 61 67 69 70 74 75 81 82 89 95 98 103 106 113 115 116 119 121 123 124 125 128 129 130 131 132 133 137 138 139 141 143 145 147 148 149 151 157 158 168 170 171 172 174 175 178 182 186 187 188 191 192 194 197 200 202 205 210 214 215 218 222 223 231 232 233 236 238 239 247 248 250 252 254 255 257 259 262 264 265 266 268 273 277 279 281 295 296 298 300 301 304 305 308 309 310 312 314 316 319 324 326 327 328 332 333 334 335 338 341 345 347 351 353 354 357 361 362 363 368 369 373 375 376 378 379 380 384 388 392 394 395 406 407 408 409 411 414 416 419 420 422 423 425 429 430 434 436 437 439 440 442 446 448 449 450 453 458 461 462 464 471 472 473 478 479 481 483 485 491 495 496 497 500
V2:  5 10 15 16 21 37 51 59 61 69 70 75 81 82 98 113 115 116 119 121 123 125 139 147 148 158 168 170 172 175 178 182 186 188 192 194 232 233 239 247 250 254 255 259 264 265 304 305 310 312 314 324 326 328 333 338 347 351 354 363 373 376 378 379 395 406 407 414 419 425 429 430 436 440 446 449 458 461 462 464 471 472 479 481 491 495 500
V3:  5 59 70 115 116 125 139 148 172 178 182 186 192 194 255 265 305 312 324 328 333 338 351 363 373 376 378 379 407 414 440 446 449 458 462 479 495 500
gap: 0.304154
status: feasible
