obj: 22.000000 time: 0.064781 gap: 65.238450 iter: 669
obj: 18.000000 time: 0.593553 gap: 50.094493 iter: 2038
obj: 17.000000 time: 1.036204 gap: 46.664051 iter: 2383
obj: 16.000000 time: 4.526503 gap: 42.639857 iter: 27718
obj: 15.000000 time: 12.195285 gap: 36.153373 iter: 103493
obj: 13.000000 time: 12.353368 gap: 26.317635 iter: 105696
obj: 12.000000 time: 129.852629 gap: 13.282739 iter: 1247400

obj: 12 time: 164.667
V1:  1 5 7 9 10 15 17 18 22 23 25 28 33 35 41 42 43 45 52 57 61 62 67 69 70 74 76 81 82 86 88 90 91 93 94 96 97 98 101 102 103 107 108 110 111 114 115 117 119 127 130 133 135 136 137 142 143 144 146 149 152 154 157 158 164 165 170 171 172 173 174 177 178 186 191 192 193 195 198
V2:  5 7 10 18 28 33 41 43 45 57 67 69 74 76 86 91 93 94 96 97 103 111 114 115 119 135 142 143 144 149 152 158 165 170 172 173 174 178 186 191
V3:  5 7 18 33 43 76 91 94 97 135 144 165 173 191
gap: 0
status: feasible
