obj: 13.000000 time: 0.026427 gap: 76.923077 iter: 281
obj: 8.000000 time: 0.072394 gap: 62.500000 iter: 411
obj: 6.000000 time: 0.375608 gap: 40.424114 iter: 3070
obj: 5.000000 time: 0.487262 gap: 26.825511 iter: 5442

obj: 5 time: 0.932003
V1:  2 4 5 11 14 15 17 19 20 21 22 23 26 30 31 32 35 41 43 45 48 51 56 60 61 62 67 68 70 72 74 81 83 84 89 91 93 97 99
V2:  2 5 11 17 19 22 23 30 35 43 56 60 62 68 74 81 83 91 93
V3:  5 19 30 35 43 83 91 93
gap: 0
status: feasible
