obj: 29.000000 time: 0.012848 gap: 22.413793 iter: 60
obj: 25.000000 time: 0.015694 gap: 8.000000 iter: 70
obj: 24.000000 time: 0.020002 gap: 4.166667 iter: 116

obj: 24 time: 0.022714
V1:  1 3 5 8 10 12 13 15 17 19 23 24 26 27 32 33 35 36 38 39 40 46 50
V2:  1 5 8 10 12 13 15 19 23 24 26 27 38 39 40 46 50
V3:  1 12 13 15 19 24 26 27 38 39 40
gap: 0
status: feasible
