obj: 22.000000 time: 0.020257 gap: 71.784922 iter: 306
obj: 17.000000 time: 0.064622 gap: 58.863317 iter: 558
obj: 16.000000 time: 0.394131 gap: 52.036456 iter: 2599
obj: 15.000000 time: 0.411194 gap: 48.838886 iter: 3143
obj: 14.000000 time: 0.561901 gap: 44.198359 iter: 6456
obj: 13.000000 time: 0.606158 gap: 39.719926 iter: 8006
obj: 12.000000 time: 3.128049 gap: 29.322162 iter: 44246
obj: 11.000000 time: 3.128763 gap: 22.896905 iter: 44254

obj: 11 time: 5.78524
V1:  2 4 5 7 9 10 11 12 15 16 17 20 24 26 27 33 38 39 42 48 52 56 57 60 61 63 67 74 75 76 79 80
V2:  9 12 15 16 17 20 24 27 38 42 57 60 67 76 79 80
V3:  9 12 15 16 17 20 27 38 60 76 79
gap: 0
status: feasible
