obj: 28.000000 time: 0.017134 gap: 52.678571 iter: 195
obj: 20.000000 time: 0.035291 gap: 19.937972 iter: 356
obj: 19.000000 time: 0.061899 gap: 10.070797 iter: 592

obj: 19 time: 0.090254
V1:  1 2 3 5 6 8 9 11 12 13 14 16 19 20 22 25 26 27 30 35 38 39 46 47 52 53 55 56 63 65 69
V2:  2 3 5 6 8 9 11 12 13 16 20 22 26 30 35 39 46 47 52 55 56 63 65 69
V3:  3 5 9 11 22 39 46 47 55 56 63 65 69
gap: 0
status: feasible
