obj: 130.000000 time: 0.008955 gap: 0.769231 iter: 8

obj: 130 time: 0.009288
V1:  1 2 3 4 5 6 7 8 9 10 11 13 14 15 16 17 18 19 20 22 24 25 26 27 28 30 31 32 33 34 35 36 37 39 40 42 44 45 46 50 53 54 55 56 57 58 59 60 62 63 64 65 66 67 68 69 70 71 72 73 74 75 76 77 78 79
V2:  1 2 3 4 5 6 7 8 9 10 11 13 14 15 16 17 18 19 20 22 24 25 26 27 28 30 31 32 33 34 35 36 37 39 40 42 44 45 46 50 53 54 55 56 57 58 59 60 62 63 64 65 66 67 68 69 70 71 72 73 74 75 76 77 79
V3:  3 5 6 7 10 11 15 19 26 28 32 45 60
gap: 0
status: feasible
