obj: 207.000000 time: 0.132870 gap: 12.922705 iter: 369
obj: 190.000000 time: 0.153217 gap: 4.289474 iter: 462
obj: 189.000000 time: 0.205299 gap: 2.116402 iter: 986
obj: 186.000000 time: 0.252268 gap: 0.537634 iter: 1224

obj: 186 time: 0.27384
V1:  1 7 8 12 13 17 23 25 27 28 29 30 33 35 37 38 44 46 48 50 52 56 59 60 61 64 67 68 69 70 71 72 73 74 76 83 85 86 87 88 89 96 99 102 103 104 106 109 112 114 116 118 121 122 123 125 126 130 131 135 137 139 141 142 146 147 150 151 155 156 158 159 161 162 164 166 169 172 174 177 178 182 186 187 188 189 190 196 197 198 199 201 202 203 204 207 210 213 218 219 222 223 229 230 232 235 237 239 241 243 244 245 247 248 251 252 253 254 258 260 263 268 271 272 273 275 276 277 278 284 286 289 290 291 297 301 302 307 311 313 315 318 319 320 323 324 325 333 335 336 337 338 340 341 342 343 346 347 348 349 351 352 353 354 356 357 359 363 364 366 372 376 377 379 381 383 385 387 392 393 399
V2:  7 12 13 17 23 27 28 29 35 38 44 46 48 56 59 60 64 67 68 69 71 72 73 83 85 86 87 89 96 99 102 103 104 112 114 116 118 121 122 123 125 126 135 137 141 142 146 147 151 156 159 161 162 172 174 178 182 186 187 188 189 196 197 198 199 201 202 203 210 218 219 222 223 229 230 232 235 237 239 241 243 244 245 251 253 254 258 268 271 272 273 275 276 277 278 286 289 290 297 301 302 307 315 318 319 320 323 325 335 336 337 340 341 342 343 346 347 352 353 354 356 357 359 364 372 377 379 383 385 387 393
V3:  7 12 17 27 28 29 38 46 48 56 60 64 67 68 69 72 83 86 87 89 96 102 103 104 112 114 116 122 123 125 126 135 146 147 151 156 159 161 162 172 178 182 186 187 188 197 199 201 202 210 219 222 229 230 232 237 239 241 243 245 253 258 268 271 272 275 290 297 301 315 318 319 320 335 336 337 340 341 342 343 347 352 353 354 357 359 364 372 377 379 383 385 387
gap: 0
status: feasible
