obj: 27.000000 time: 0.030572 gap: 50.925926 iter: 367
obj: 22.000000 time: 0.155925 gap: 31.228703 iter: 1232
obj: 18.000000 time: 0.620604 gap: 10.377624 iter: 3387

obj: 18 time: 1.13965
V1:  1 3 5 6 14 18 19 22 24 25 26 27 28 32 36 41 43 45 54 56 58 61 62 63 64 67 70 71 72 75 76 80 83 86 87 88 91 93 95 98
V2:  3 5 14 18 22 24 28 32 36 41 45 54 56 58 62 67 70 76 80 83 87 88 91 93 95 98
V3:  14 18 28 32 36 45 54 67 80 83 88 91
gap: 0
status: feasible
