obj: 50.000000 time: 0.010471 gap: 6.000000 iter: 28

obj: 47 time: 0.011877
V1:  1 3 4 5 6 7 9 11 12 14 18 19 21 23 24 25 27 28 29 32 33 34 37 39 40 43 47 50
V2:  1 3 4 5 6 7 9 11 12 18 19 21 23 24 25 27 28 29 32 33 34 37 39 40 43 47 50
V3:  3 5 6 9 12 18 19 21 23 25 27 29 33 43
gap: 0
status: feasible
