obj: 7.000000 time: 0.177967 gap: 203.016393 iter: 963
obj: 5.000000 time: 1.064313 gap: 240.122801 iter: 1331
obj: -1.000000 time: 2.215687 gap: 594.459168 iter: 10845
obj: -2.000000 time: 3.173129 gap: 247.132737 iter: 15236
obj: -3.000000 time: 40.132440 gap: 110.633998 iter: 207096
obj: -4.000000 time: 111.062053 gap: 54.462273 iter: 660464

obj: -4 time: 1200.2
V1:  1 3 5 10 11 13 14 15 17 18 22 23 26 27 32 33 34 38 39 42 44 45 49 52 58 60 61 67 73 77 78 84 85 88 91 92 94 95 96 99 100 103 105 107 111 114 115 118 123 128 130 131 134 136 137 138 144 148 149 151 153 157 161 163 164 171 175 176 177 180 181 183 185 189 190 192 200 214 218 223 224 227 229 232 233 240 242 247 252 253 260 263 265 266 269 270 279 280 281 283 286 288 289 290 291 293 295
V2:  1 3 14 17 18 23 26 32 34 42 49 58 61 77 84 91 92 94 95 96 99 107 115 118 123 128 130 134 148 149 153 157 161 164 175 176 177 180 181 183 185 192 200 214 223 224 227 240 247 253 266 270 279 281 283 288 289
V3:  3 26 32 34 42 49 61 84 92 94 107 123 134 157 161 175 176 223 224 247 253 270 279 281 289
gap: 0.40517
status: feasible
