obj: 7.000000 time: 1.025680 gap: 335.490964 iter: 3389
obj: -3.000000 time: 3.398525 gap: 433.333333 iter: 4386
obj: -5.000000 time: 14.021685 gap: 220.000000 iter: 46578
obj: -6.000000 time: 14.150429 gap: 166.666667 iter: 47057
obj: -9.000000 time: 14.412121 gap: 77.777778 iter: 48406
obj: -10.000000 time: 14.416553 gap: 60.000000 iter: 48415
obj: -12.000000 time: 500.435714 gap: 33.333333 iter: 1676324

obj: -12 time: 1200.02
V1:  1 2 3 5 7 9 12 15 19 22 25 26 27 28 30 46 55 63 75 81 82 87 88 89 91 94 96 97 103 104 108 109 110 112 113 115 123 125 126 128 129 131 137 139 140 141 145 146 147 149 155 156 157 160 170 171 173 175 187 197 199 203 206 210 211 216 220 221 223 224 226 227 228 229 232 235 236 240 242 243 247 248 249 250 252 253 254 255 256 257 263 265 266 267 270 271 275 279 280 282 283 285 286 288 290 296 300 301 303 306 313 315 317 319 321 322 323 328 333 335 338 341 342 346 347 348 353 356 357 358 359 360 367 371 376 380 386 392 393 394 395 396 397 403 405 407 411 412 413 414 419 423 425 426 431 432 433 435 438 439 441 445 447 452 454 456 463 464 470 471 473 476 481 483 484 486 489 490 492 493 499 500
V2:  1 3 9 12 15 22 26 27 28 30 63 81 82 87 97 104 108 109 112 113 125 128 137 141 146 160 170 171 173 199 203 210 216 220 221 228 240 242 243 249 250 255 256 257 263 270 271 275 283 290 296 300 306 315 317 319 321 322 323 328 346 353 356 371 376 394 405 423 425 431 432 441 445 452 454 463 464 470 471 481 483 486 489 493 499
V3:  3 9 12 26 27 28 81 82 108 113 125 137 141 146 173 199 203 228 240 243 249 255 263 270 275 296 317 321 322 328 356 371 441 445 454 464 471 481 493
gap: 0.329809
status: feasible
