obj: 12.000000 time: 0.079877 gap: 107.633588 iter: 558
obj: 9.000000 time: 0.717288 gap: 101.117531 iter: 1759
obj: 7.000000 time: 1.126596 gap: 98.956526 iter: 2383
obj: 6.000000 time: 5.350033 gap: 96.926591 iter: 24280
obj: 5.000000 time: 12.434646 gap: 93.286191 iter: 83804
obj: 4.000000 time: 12.966989 gap: 91.562710 iter: 86259
obj: 3.000000 time: 20.360453 gap: 84.486958 iter: 160970
obj: 2.000000 time: 1180.757700 gap: 0.000000 iter: 11610487

obj: 2 time: 1180.76
V1:  3 7 19 24 27 30 31 32 35 36 38 39 46 47 51 52 54 58 59 60 62 68 71 72 75 77 83 88 90 91 93 94 96 100 105 106 107 108 111 114 123 124 126 130 131 134 135 137 139 140 141 143 144 145 146 147 151 152 153 160 161 162 163 164 169 170 171 172 176 178 184 186 187 189 190 193
V2:  3 19 24 30 31 32 51 52 54 60 68 71 75 83 91 105 106 107 130 134 143 151 152 153 161 162 164 170 171 172 176 186 187 189 190 193
V3:  30 31 54 60 91 105 143 151 152 153 170 171 189 190
gap: 0
status: feasible
