obj: 65.000000 time: 0.051537 gap: 48.146280 iter: 656
obj: 61.000000 time: 0.360449 gap: 31.238957 iter: 2716
obj: 52.000000 time: 0.809379 gap: 14.982707 iter: 4966
obj: 51.000000 time: 0.827965 gap: 13.315701 iter: 4966
obj: 50.000000 time: 1.517613 gap: 9.298220 iter: 7536
obj: 49.000000 time: 13.358357 gap: 4.007899 iter: 153382

obj: 49 time: 17.8379
V1:  2 3 11 12 13 14 20 21 22 23 26 27 28 30 31 32 36 41 42 43 45 46 48 49 53 55 56 57 60 61 63 65 72 74 75 79 81 83 84 86 87 100 103 106 107 108 110 113 114 115 116 119 122 124 126 129 138 139 141 143 144 145 148 152 153 155 158 162 163 165 166 168 170 172 174 175 179 183 185 187 191 192 194 197 200
V2:  2 11 12 21 26 27 28 36 42 43 45 48 57 60 63 65 72 74 75 79 81 83 86 103 106 108 110 115 122 124 126 129 138 139 141 143 144 148 152 153 158 163 166 168 170 172 187 192 194 197 200
V3:  21 26 36 42 48 57 60 65 72 74 75 81 86 106 122 126 129 138 139 148 152 158 163 168 170 172 194 197
gap: 0
status: feasible
