obj: 13.000000 time: 0.202151 gap: 168.142145 iter: 1072
obj: 2.000000 time: 0.461644 gap: 530.600196 iter: 1258
obj: 0.000000 time: 1.190791 gap: 8499636848227.055664 iter: 1634
obj: -2.000000 time: 2.361860 gap: 323.681673 iter: 13018
obj: -3.000000 time: 3.572427 gap: 182.338445 iter: 18704
obj: -4.000000 time: 17.250580 gap: 106.327991 iter: 63255
obj: -5.000000 time: 51.802205 gap: 62.006604 iter: 247281
obj: -6.000000 time: 436.013039 gap: 29.261031 iter: 2625870

obj: -6 time: 1200.13
V1:  1 7 13 15 17 22 25 32 34 35 36 38 41 42 43 44 48 49 51 62 64 65 66 68 71 74 77 79 81 84 86 88 91 93 94 96 97 101 103 109 110 111 113 114 116 117 119 120 124 129 131 132 135 138 140 141 147 152 156 157 158 159 160 161 172 174 178 181 182 185 188 190 192 194 199 202 205 208 209 210 212 215 216 222 226 227 233 235 236 237 241 242 243 255 256 257 258 260 263 265 267 276 278 280 281 287 288 290 291 300
V2:  7 13 17 32 34 35 36 38 42 43 48 49 64 65 68 77 81 88 91 94 97 103 110 113 116 117 120 135 140 141 152 157 158 159 160 199 202 205 210 212 216 222 226 227 235 243 255 258 260 263 267 278 281 290
V3:  7 17 32 34 35 36 49 65 77 97 103 110 116 141 160 199 205 260 263 267
gap: 0.256552
status: feasible
