obj: 113.000000 time: 0.010496 gap: 1.179941 iter: 18

obj: 112 time: 0.011541
V1:  2 3 4 5 6 7 8 9 10 11 13 14 15 16 17 18 19 21 22 24 25 26 27 28 29 31 33 34 35 36 37 38 40 41 43 44 46 47 49 51 52 53 54 56 57 58 59 61 62 65 66 67 68 71 72 74 78 80
V2:  2 3 4 5 6 7 8 9 10 11 13 14 15 16 17 18 19 21 22 24 25 26 27 28 29 31 33 34 35 36 37 38 40 41 43 44 46 47 49 51 52 53 54 56 57 58 59 61 62 65 66 67 68 71 72 74 78 80
V3:  4 9 11 13 14 17 21 22 25 33 36 38 44 52 53 56 67 72
gap: 0
status: feasible
