obj: 218.000000 time: 0.161924 gap: 27.805537 iter: 1088
obj: 200.000000 time: 0.683571 gap: 8.176610 iter: 4945
obj: 197.000000 time: 0.856344 gap: 6.416949 iter: 5664
obj: 190.000000 time: 1.290355 gap: 2.592950 iter: 6564
obj: 189.000000 time: 5.476885 gap: 1.612960 iter: 20890
obj: 188.000000 time: 5.980685 gap: 1.066312 iter: 22078

obj: 188 time: 8.24029
V1:  1 9 10 19 21 24 25 26 27 28 32 33 38 41 43 44 47 48 49 56 62 63 65 68 72 73 74 76 78 81 82 85 88 89 90 91 92 98 100 102 107 110 111 117 119 126 127 129 132 134 135 136 138 140 141 142 144 145 146 150 155 159 162 165 168 170 171 173 175 177 178 180 187 192 193 194 195 196 197 202 204 205 209 212 214 215 216 217 218 219 222 223 226 229 231 232 234 235 236 238 241 246 247 248 249 253 254 255 256 257 258 259 260 262 263 264 267 268 272 274 276 279 282 286 288 290 294 296 298 300 301 302 304 309 310 311 314 316 317 320 326 328 331 344 348 351 352 359 361 362 363 366 367 369 371 373 374 375 377 379 381 382 383 384 387 389 391 393 394 401 402 405 406 407 408 414 419 424 426 427 430 431 432 434 435 436 437 441 442 447 448 449 451 452 453 454 457 460 461 463 464 465 466 468 470 471 477 478 480 481 485 488 490 491 492 494 498 500
V2:  1 9 19 21 24 26 27 28 32 33 38 43 44 48 49 62 63 72 73 76 81 82 88 89 90 91 92 102 107 111 119 129 132 134 135 136 138 140 141 142 144 145 146 150 155 159 162 165 168 170 171 173 177 178 180 187 192 193 196 202 204 205 209 212 214 215 216 217 218 219 222 223 226 229 231 232 234 235 238 246 248 253 254 255 256 262 263 267 268 272 276 279 286 288 290 298 300 301 302 309 310 311 314 316 320 326 331 344 348 351 352 361 362 366 367 369 371 373 374 381 382 383 384 387 389 391 394 401 405 407 414 419 424 426 427 430 432 434 435 437 441 442 447 448 449 452 453 454 457 461 463 465 471 477 478 481 485 488 491 492 494 498 500
V3:  1 24 27 28 38 43 44 48 49 62 63 72 73 76 89 92 102 111 119 129 135 138 141 144 155 159 168 170 173 180 187 193 202 204 212 216 218 219 226 235 238 246 248 253 254 256 262 272 276 279 286 290 300 302 309 310 311 314 316 320 326 348 352 361 362 367 371 373 374 382 389 391 401 405 419 424 426 432 437 447 449 454 457 461 471 477 481 498 500
gap: 0
status: feasible
