obj: 25.000000 time: 0.023704 gap: 36.000000 iter: 115
obj: 22.000000 time: 0.087405 gap: 6.060606 iter: 791

obj: 21 time: 0.103577
V1:  4 5 6 10 11 12 15 18 19 23 31 32 33 34 36 38 39 44 45 48 51 52 53 57 58 61 65 67 71 72 73 74 77
V2:  4 5 6 11 12 15 18 23 32 33 36 38 39 44 45 48 52 58 71 72 73 74 77
V3:  4 6 11 12 15 32 33 36 52 71 74 77
gap: 0
status: feasible
