obj: 187.000000 time: 0.113984 gap: 7.620321 iter: 216
obj: 183.000000 time: 0.140462 gap: 4.163342 iter: 450
obj: 182.000000 time: 0.342939 gap: 1.073657 iter: 1233

obj: 182 time: 0.42182
V1:  2 3 5 6 7 10 13 14 15 18 19 22 23 25 27 28 29 32 33 35 36 40 41 42 43 44 45 47 49 50 52 54 55 60 61 62 63 64 65 66 70 73 74 76 79 80 81 85 87 88 94 105 106 110 113 115 116 119 120 121 123 131 135 138 139 140 141 145 148 150 153 154 155 157 164 165 166 167 169 173 177 178 185 189 192 193 196 198 199 203 205 206 207 209 213 214 216 218 222 224 225 227 232 233 234 235 237 238 239 240 243 244 246 247 251 252 255 256 257 261 262 263 264 268 270 274 276 277 279 285 288 294 303 304 306 307 310 311 312 317 322 323 327 328 330 331 332 334 335 336 340 345 346 348 352 355 356 360 361 362 365 367 369 377 378 380 382 383 386 387 388 390 391 394 395 397 399 400
V2:  2 3 5 6 7 10 13 18 23 25 27 29 32 33 35 36 40 42 43 44 45 47 49 50 52 54 55 60 61 62 63 64 65 70 74 76 79 80 81 87 88 94 105 106 110 113 115 119 120 131 135 140 141 145 148 153 154 155 157 165 166 167 169 173 177 178 185 192 198 199 203 205 206 209 213 214 216 224 225 227 232 233 234 235 238 239 240 243 244 247 251 252 255 256 257 261 262 274 277 279 294 303 306 307 310 311 312 317 322 323 328 330 331 332 334 335 336 340 346 348 355 356 360 361 365 369 378 382 386 388 390 395 397 399 400
V3:  5 6 10 13 18 23 27 29 33 35 36 40 42 43 45 47 49 50 52 54 55 60 61 63 74 76 81 88 94 105 110 113 115 119 120 131 135 140 153 154 155 157 166 167 169 173 177 185 198 199 203 205 206 216 224 225 227 233 235 239 240 243 244 247 251 255 256 257 261 262 277 294 303 311 312 328 331 332 336 346 348 356 361 365 369 378 382 386 388 397 400
gap: 0
status: feasible
