obj: 12.000000 time: 0.012818 gap: 25.000000 iter: 157
obj: 11.000000 time: 0.043506 gap: 9.090909 iter: 423

obj: 11 time: 0.054133
V1:  3 4 14 15 16 18 19 23 26 27 30 32 34 35 40 41 42 47 50
V2:  3 14 15 18 19 26 27 30 34 35 40 41 42 47 50
V3:  15 18 26 27 30 40 42 50
gap: 0
status: feasible
