obj: 4.000000 time: 0.652473 gap: 648.425661 iter: 1999
obj: -3.000000 time: 1.176372 gap: 624.344589 iter: 2202
obj: -11.000000 time: 2.168245 gap: 96.269043 iter: 2439
obj: -12.000000 time: 10.384690 gap: 79.093653 iter: 28257
obj: -14.000000 time: 13.966408 gap: 53.496795 iter: 36660
obj: -16.000000 time: 83.633514 gap: 33.407561 iter: 271719
obj: -17.000000 time: 1094.071249 gap: 24.138274 iter: 3699513

obj: -17 time: 1200.23
V1:  1 10 12 14 15 18 19 20 22 27 31 38 43 45 50 54 58 60 61 62 63 71 75 78 82 87 88 89 96 97 103 105 110 112 119 120 123 126 128 129 130 131 133 134 138 139 141 142 145 146 149 150 151 160 163 164 165 166 168 173 174 175 177 183 188 189 191 192 196 198 199 203 204 205 206 208 209 212 213 215 216 217 218 228 229 236 242 247 249 252 254 256 263 265 266 268 271 272 273 274 278 279 286 288 292 296 298 299 301 302 307 308 314 318 319 321 323 327 330 331 334 344 345 350 354 359 362 366 368 370 371 372 375 379 381 384 385 386 403 407 409 410 411 412 417 419 421 424 429 432 433 439 442 444 446 447 449 450 452 454 459 461 462 475 476 479 480 482 483 486 487 493 495 496
V2:  1 20 27 31 38 45 54 60 75 87 88 103 105 112 126 128 129 131 133 139 142 145 149 150 163 164 165 173 177 183 188 191 196 199 204 206 208 216 242 247 252 256 265 266 271 273 274 279 292 296 302 307 308 314 321 327 334 344 350 362 366 368 370 371 372 379 384 385 386 403 407 410 412 417 419 421 424 429 432 433 439 447 449 452 459 483 487 493 495
V3:  1 20 27 31 38 45 75 105 112 126 128 129 131 149 164 177 191 199 208 247 265 266 273 292 302 307 321 327 334 362 368 370 372 386 407 412 421 433 439 447 452 459 483 487 493 495
gap: 0.240933
status: feasible
