obj: 141.000000 time: 0.013166 gap: 2.048857 iter: 25
obj: 140.000000 time: 0.014587 gap: 0.714286 iter: 35

obj: 140 time: 0.018588
V1:  1 2 3 5 7 9 10 11 12 13 15 16 17 18 19 20 21 23 24 25 26 27 28 29 30 31 32 33 34 36 37 38 39 40 44 45 47 49 51 53 54 56 57 58 59 60 62 63 64 67 68 69 70 71 72 73 74 75 77 78 79 80 81 82 85 86 87 88 93 94 96 97 98
V2:  1 2 3 5 7 9 10 11 12 13 15 16 17 18 19 20 21 23 24 25 26 27 28 29 30 31 32 33 34 36 37 38 39 40 44 45 47 49 51 53 54 56 57 58 59 60 62 63 64 67 68 69 70 71 72 73 74 75 77 78 79 80 81 82 85 86 87 88 93 94 96 97 98
V3:  2 3 5 10 11 13 16 18 20 23 30 37 39 47 57 58 67 69 70 79 86
gap: 0
status: feasible
