obj: 66.000000 time: 0.023900 gap: 3.787879 iter: 40
obj: 65.000000 time: 0.026678 gap: 1.538462 iter: 60

obj: 65 time: 0.032816
V1:  3 4 6 7 8 10 11 13 14 15 16 18 21 22 25 26 27 29 31 33 36 38 41 42 46 47 52 53 54 57 58 59 60 61 62 64 65 67 69 71 73 75 77 79
V2:  3 4 6 7 8 10 11 13 14 15 18 21 22 25 26 27 29 31 33 36 38 42 46 47 52 53 54 57 58 59 61 62 64 65 69 73 75 77
V3:  4 6 7 8 11 13 18 27 29 31 33 36 42 52 64 65 73 75 77
gap: 0
status: feasible
