obj: 62.000000 time: 0.335730 gap: 78.844195 iter: 2450
obj: 54.000000 time: 1.256507 gap: 73.184038 iter: 3526
obj: 51.000000 time: 4.605112 gap: 69.169290 iter: 6970
obj: 44.000000 time: 11.251170 gap: 64.137425 iter: 57580
obj: 41.000000 time: 11.374329 gap: 61.513334 iter: 59091
obj: 37.000000 time: 15.307796 gap: 57.234904 iter: 76047
obj: 34.000000 time: 32.222970 gap: 51.671196 iter: 98957
obj: 33.000000 time: 44.562092 gap: 49.855337 iter: 134102
obj: 32.000000 time: 66.382250 gap: 48.101130 iter: 230359
obj: 31.000000 time: 107.386624 gap: 46.136541 iter: 428143
obj: 29.000000 time: 201.245379 gap: 42.159572 iter: 769648
obj: 28.000000 time: 1148.954353 gap: 37.711216 iter: 4940138
obj: 27.000000 time: 1175.808267 gap: 35.397959 iter: 4999247

obj: 27 time: 1200.06
V1:  4 6 9 10 11 15 17 18 21 24 26 28 34 35 41 42 44 46 48 51 56 59 62 63 64 66 68 72 73 76 77 81 84 86 97 99 102 106 108 110 112 113 115 117 119 120 124 125 127 130 134 140 141 143 144 147 150 153 154 155 157 164 169 170 171 174 177 180 181 185 187 192 198 205 206 208 214 221 223 226 228 230 232 233 234 235 241 244 245 246 247 249 252 253 254 258 261 263 264 266 268 278 282 283 286 287 288 291 294 301 302 303 304 305 308 315 318 319 320 321 324 325 328 330 331 335 336 337 338 339 340 347 348 349 353 354 355 356 358 360 361 362 363 364 365 367 371 375 376 377 379 380 381 382 384 385 386 388 389 395 397 399 401 404 407 414 417 424 425 426 428 429 430 441 446 447 448 449 452 457 460 461 463 464 465 468 472 475 479 486 487 489 491 492 493 498 499
V2:  10 17 21 28 34 35 41 42 44 46 48 56 62 66 73 77 81 99 102 108 110 117 124 125 127 134 140 144 147 153 155 157 171 181 187 206 221 223 228 230 232 234 241 245 247 258 263 266 268 283 286 287 294 301 302 321 324 328 330 331 337 338 339 340 347 349 354 358 365 367 371 375 376 381 382 384 385 395 397 399 404 407 425 426 446 447 448 457 461 472 475 479 487 499
V3:  10 34 35 41 48 62 117 124 127 147 155 181 206 230 245 263 266 283 286 287 301 324 328 330 337 339 354 358 365 367 376 381 384 385 397 426 447 448 487
gap: 0.353711
status: feasible
