obj: 198.000000 time: 0.068278 gap: 4.166667 iter: 100
obj: 195.000000 time: 0.072827 gap: 2.147436 iter: 133

obj: 195 time: 0.13547
V1:  1 2 3 9 10 13 14 16 17 19 20 22 23 27 29 32 34 36 39 40 42 44 46 47 49 52 53 55 56 59 60 62 66 67 68 69 70 71 72 73 74 75 77 78 79 80 82 84 94 95 96 97 98 99 100 101 103 108 110 111 114 115 116 118 120 123 124 125 126 127 131 134 136 137 139 140 141 144 146 147 151 153 154 157 159 160 161 163 164 165 166 167 168 169 170 172 174 175 176 181 182 183 184 187 195 196 197 199 201 202 209 210 211 216 217 218 219 220 224 230 232 233 234 236 237 238 239 241 243 244 245 247 249 250 253 254 258 260 263 265 267 276 277 279 291 296 298 299 300
V2:  1 3 9 13 14 16 17 20 22 23 27 29 32 34 36 39 40 42 44 46 47 49 52 53 55 59 60 62 66 67 68 69 70 71 72 73 74 75 77 78 79 80 82 84 94 95 96 97 98 99 100 101 108 110 111 114 115 116 118 120 123 124 126 127 131 137 139 140 141 144 146 147 151 153 154 157 160 161 163 164 166 168 169 170 172 174 175 176 181 182 183 184 187 195 197 199 202 209 210 211 216 217 218 219 220 224 233 234 236 237 239 241 243 244 245 247 250 253 254 258 260 265 267 276 277 296 299 300
V3:  1 3 9 14 16 17 23 27 32 34 36 39 42 46 47 53 55 59 60 62 68 71 72 73 74 75 77 79 80 82 94 95 99 101 108 110 111 114 115 120 123 126 137 139 141 157 160 163 164 166 174 175 181 182 183 187 195 199 219 220 224 234 244 253 254 258 265 276 277
gap: 0
status: feasible
