obj: 31.000000 time: 0.023857 gap: 59.677419 iter: 309
obj: 22.000000 time: 0.046983 gap: 41.635477 iter: 442
obj: 19.000000 time: 0.452294 gap: 19.044942 iter: 2536
obj: 18.000000 time: 0.877618 gap: 12.551787 iter: 14173
obj: 17.000000 time: 1.929561 gap: 0.000000 iter: 45137

obj: 17 time: 1.92981
V1:  6 13 14 15 16 17 18 20 21 23 29 30 31 32 35 37 39 40 42 45 46 49 54 56 58 62 63 68 73 78 84 88 89 90 92 93 96 97 99
V2:  6 14 17 18 20 23 32 35 37 39 40 42 46 54 56 58 62 73 78 84 89 90 92 93 97 99
V3:  14 20 23 32 39 42 54 78 84 89 92 93 99
gap: 0
status: feasible
