obj: 30.000000 time: 0.014469 gap: 42.500000 iter: 212
obj: 27.000000 time: 0.046986 gap: 28.324916 iter: 397
obj: 25.000000 time: 0.094136 gap: 19.088297 iter: 783
obj: 23.000000 time: 0.322886 gap: 0.000000 iter: 2935

obj: 23 time: 0.323175
V1:  6 7 10 12 14 17 18 20 21 23 24 26 31 36 37 43 44 46 49 50 52 53 54 56 61 65 68 69 71 72 73 76 77 79
V2:  7 10 12 14 17 21 23 24 26 36 37 43 44 46 49 50 52 56 61 68 69 71 72 73 76 79
V3:  10 14 21 23 24 49 61 68 72
gap: 0
status: feasible
