obj: 14.000000 time: 0.030154 gap: 52.380952 iter: 324
obj: 9.000000 time: 0.078080 gap: 19.444444 iter: 567
obj: 8.000000 time: 0.288660 gap: 0.000000 iter: 3994

obj: 8 time: 0.288946
V1:  1 8 9 10 11 14 19 21 26 27 29 30 31 34 36 38 39 40 43 45 51 52 53 54 60 66 69 75 76 77 78 81 87 89 91 92 93 95 97
V2:  9 10 11 14 19 21 27 31 34 38 40 45 51 52 54 66 77 78 89 92 93 95 97
V3:  11 34 52 66 78 92 95
gap: 0
status: feasible
