obj: 51.000000 time: 0.055476 gap: 68.767507 iter: 756
obj: 46.000000 time: 0.341310 gap: 55.061660 iter: 2260
obj: 41.000000 time: 1.159084 gap: 44.986152 iter: 5714
obj: 39.000000 time: 1.187171 gap: 42.164929 iter: 5714
obj: 38.000000 time: 1.830494 gap: 40.456819 iter: 6486
obj: 37.000000 time: 2.984438 gap: 38.800883 iter: 17540
obj: 36.000000 time: 3.500217 gap: 36.704899 iter: 22922
obj: 35.000000 time: 26.718497 gap: 31.469555 iter: 171927
obj: 34.000000 time: 31.437229 gap: 29.209310 iter: 213643
obj: 30.000000 time: 71.624948 gap: 18.677086 iter: 564286

obj: 30 time: 1199.94
V1:  1 6 10 11 12 16 20 22 23 24 29 30 31 40 43 44 48 51 52 54 59 61 63 73 77 82 83 84 85 88 89 91 93 96 100 102 103 109 111 113 116 121 122 129 131 134 135 137 141 146 147 150 154 155 156 160 161 162 164 167 169 172 173 175 177 183 186 189 190 191 194 200 201 203 208 209 210 213 216 217 220 221 222 227 229 230 232 234 235 237 238 239
V2:  1 6 10 12 22 24 29 31 40 44 48 52 54 59 61 73 83 91 96 100 102 103 109 113 116 121 129 134 137 141 150 154 155 156 161 162 164 172 173 186 189 191 194 200 201 208 209 210 213 216 220 221 222 232 234 235 237
V3:  6 12 22 29 40 44 48 52 54 83 91 102 103 116 129 137 150 161 172 173 186 191 200 201 209 213 220 221 222 234 237
gap: 0.121972
status: feasible
