obj: 14.000000 time: 0.014228 gap: 50.000000 iter: 146
obj: 10.000000 time: 0.025921 gap: 30.000000 iter: 210

obj: 10 time: 0.472567
V1:  6 7 11 12 17 18 19 23 25 32 33 35 37 38 39 42 44 46 47 55 56 59 60 62 63 64 68 69 71
V2:  6 7 11 12 18 25 33 35 39 42 44 47 55 60 62 63 64 71
V3:  6 7 12 18 39 62 64
gap: 0
status: feasible
