obj: 40.000000 time: 0.034368 gap: 74.298246 iter: 522
obj: 35.000000 time: 0.269874 gap: 54.133179 iter: 1836
obj: 28.000000 time: 0.334519 gap: 41.750316 iter: 2164
obj: 24.000000 time: 1.352305 gap: 29.014826 iter: 10303
obj: 23.000000 time: 102.501493 gap: 15.935829 iter: 1167586
obj: 22.000000 time: 146.872513 gap: 9.807260 iter: 1682291

obj: 22 time: 226.178
V1:  0 1 2 3 4 5 9 14 19 20 22 25 27 36 46 49 50 51 52 55 56 61 63 66 70 72 73 75 77 79 80 84 88 93 96 98 100 101 104 105 107 109 112 118 122 123 124 127 131 133 139 140 142 143 144 146 147 150 151 155 156 157
V2:  0 2 5 9 14 22 46 49 51 56 63 70 73 75 79 80 84 88 98 101 104 105 109 118 123 124 127 131 133 140 142 143 144 147 150 155 156
V3:  0 14 22 46 56 70 80 84 98 101 104 105 118 123 127 140 144 147 155
gap: 0
status: feasible
