obj: 41.000000 time: 0.025386 gap: 62.232077 iter: 359
obj: 35.000000 time: 0.300947 gap: 45.933003 iter: 1701
obj: 30.000000 time: 0.375731 gap: 35.867908 iter: 2046
obj: 29.000000 time: 11.740998 gap: 27.060062 iter: 150931
obj: 28.000000 time: 12.183318 gap: 24.323671 iter: 161385
obj: 27.000000 time: 20.614164 gap: 20.345425 iter: 341699
obj: 26.000000 time: 99.621152 gap: 14.332607 iter: 1577551

obj: 26 time: 1199.76
V1:  0 5 6 7 11 13 14 17 18 20 23 26 27 30 31 37 39 40 41 44 46 49 53 55 59 63 64 66 75 76 77 79 80 84 86 88 89 95 97 101 102 103 104 107 110 112 115 117 120 124 126 127 130 131 133 136
V2:  0 5 6 7 11 14 17 18 20 23 27 31 37 41 44 46 49 53 59 63 64 66 77 79 86 88 89 95 97 101 102 104 107 110 112 120 126 130 133 136
V3:  5 14 27 49 53 59 66 89 97 107 110 112 120 126
gap: 0.0587551
status: feasible
