obj: 33.000000 time: 0.023450 gap: 60.101010 iter: 393
obj: 31.000000 time: 0.643231 gap: 37.466200 iter: 4244
obj: 30.000000 time: 0.665453 gap: 35.381740 iter: 4299
obj: 29.000000 time: 0.866181 gap: 32.812782 iter: 4738
obj: 26.000000 time: 1.057670 gap: 24.056852 iter: 8625
obj: 25.000000 time: 1.292973 gap: 20.643924 iter: 12412
obj: 24.000000 time: 22.789899 gap: 10.404677 iter: 335563

obj: 24 time: 68.7157
V1:  12 13 15 16 20 22 25 29 30 31 33 34 36 37 39 41 42 45 46 48 50 51 54 55 56 57 59 61 62 63 64 68 71 72 74 75 79 81 83 84 85 87 89 91 94 99 108
V2:  12 15 16 20 25 29 30 33 34 36 37 41 46 48 51 57 59 62 63 71 74 75 83 84 85 87 89 99
V3:  12 15 30 34 37 41 46 51 57 59 62 71 75 83 84 87
gap: 0
status: feasible
