obj: 45.000000 time: 0.022321 gap: 50.833333 iter: 367
obj: 40.000000 time: 0.041719 gap: 38.398437 iter: 506
obj: 38.000000 time: 0.160430 gap: 27.423946 iter: 1671
obj: 36.000000 time: 0.198307 gap: 21.850493 iter: 1936
obj: 34.000000 time: 0.313777 gap: 15.541328 iter: 2439
obj: 33.000000 time: 0.453014 gap: 12.771913 iter: 2591
obj: 32.000000 time: 0.533851 gap: 9.894909 iter: 4648
obj: 31.000000 time: 0.534347 gap: 6.988293 iter: 4649

obj: 31 time: 0.79206
V1:  0 3 9 11 15 16 17 21 23 26 28 29 32 34 36 37 39 40 41 43 51 52 54 58 60 61 66 70 73 75 78 86 87 88 96 100 102 103 104 106 109 111 112 116 118 119 120
V2:  0 3 9 16 17 21 23 26 28 29 32 34 36 37 39 40 41 43 52 54 60 66 73 75 78 87 88 96 100 102 103 106 109 112 116 119 120
V3:  23 26 28 32 34 36 37 40 54 66 75 78 87 96 100 102 106 109 112 119 120
gap: 0
status: feasible
