obj: 30.000000 time: 0.017212 gap: 67.500000 iter: 286
obj: 19.000000 time: 0.031067 gap: 43.468045 iter: 359
obj: 16.000000 time: 0.660032 gap: 13.582805 iter: 5769

obj: 16 time: 1.5821
V1:  0 14 16 17 18 20 23 27 30 34 37 38 39 41 44 47 50 52 56 57 58 59 60 63 65 70 72 73 78 82 84 87 88 90 91 95 97
V2:  0 17 20 23 34 38 39 41 44 50 52 56 57 60 63 65 70 73 78 84 87 91 95 97
V3:  0 17 20 23 34 38 44 50 56 57 60 63 70 73 87 91
gap: 0
status: feasible
