obj: 10.000000 time: 0.005586 gap: 30.000000 iter: 49
obj: 9.000000 time: 0.026089 gap: 13.227513 iter: 447

obj: 9 time: 0.028759
V1:  0 1 4 6 9 10 11 16 17 18
V2:  0 1 6 9 10 11 17
V3:  6 17
gap: 0
status: feasible
