obj: 38.000000 time: 0.063238 gap: 80.268469 iter: 793
obj: 32.000000 time: 0.436141 gap: 61.555719 iter: 2197
obj: 31.000000 time: 2.512379 gap: 53.174859 iter: 7354
obj: 24.000000 time: 3.963856 gap: 39.450028 iter: 22411
obj: 23.000000 time: 28.245027 gap: 33.264377 iter: 178136
obj: 22.000000 time: 75.586052 gap: 27.536451 iter: 568296
obj: 21.000000 time: 556.252343 gap: 18.333233 iter: 4357859
obj: 20.000000 time: 1092.826160 gap: 11.636596 iter: 8648587

obj: 20 time: 1200.03
V1:  1 5 6 7 10 11 12 16 17 18 22 30 31 40 43 44 48 51 52 54 59 61 63 64 66 73 74 77 78 79 82 83 84 85 91 93 96 99 100 103 105 108 109 110 113 116 121 122 124 129 134 137 141 146 147 150 154 155 156 160 161 162 163 164 169 172 173 175 177 188 191 194 196 200 201 203 208 209 210 213 220 221 222 225 230 234 235 237 238 239
V2:  1 5 6 10 16 30 31 40 44 48 51 52 54 59 61 74 77 83 91 99 100 103 109 110 116 121 129 134 137 146 147 150 154 155 156 160 161 163 169 172 173 175 177 191 194 196 200 201 208 209 213 220 221 222 225 230 234 235 237
V3:  6 40 44 48 52 83 91 103 110 116 121 129 150 172 173 191 201 208 213 220 221 222 234
gap: 0.112793
status: feasible
