obj: 14.000000 time: 0.015141 gap: 76.190476 iter: 231
obj: 12.000000 time: 0.169938 gap: 55.154012 iter: 1166
obj: 10.000000 time: 0.607384 gap: 40.465643 iter: 6803
obj: 8.000000 time: 4.126470 gap: 0.000000 iter: 61941

obj: 8 time: 4.12689
V1:  4 6 7 11 12 13 18 19 22 25 26 28 32 35 39 42 44 46 47 50 54 55 60 62 63 68 69 70
V2:  6 7 11 12 13 18 25 28 35 39 42 44 46 47 55 60 62 63
V3:  6 7 35 39 44 47 62
gap: 0
status: feasible
