obj: 29.000000 time: 0.025489 gap: 69.137931 iter: 375
obj: 27.000000 time: 1.089285 gap: 42.308310 iter: 9011
obj: 25.000000 time: 1.298620 gap: 37.680894 iter: 13909
obj: 22.000000 time: 1.577866 gap: 28.785372 iter: 17849
obj: 21.000000 time: 16.725417 gap: 18.205715 iter: 217276
obj: 20.000000 time: 16.949130 gap: 14.002626 iter: 221190

obj: 20 time: 59.2311
V1:  12 15 16 22 23 25 29 30 32 33 34 36 41 42 45 48 50 51 52 54 55 56 57 61 62 63 64 68 71 72 74 75 79 81 83 84 85 87 89 99 100 101 103 108 113
V2:  12 15 22 23 25 29 30 33 34 36 41 48 50 51 57 61 62 71 74 75 83 84 85 87 89 99 101 103 108
V3:  12 30 34 36 41 51 57 61 62 74 83 84 87 89 99
gap: 0
status: feasible
