obj: 37.000000 time: 0.034104 gap: 73.833735 iter: 489
obj: 33.000000 time: 0.330185 gap: 56.810862 iter: 2229
obj: 29.000000 time: 1.170956 gap: 48.466798 iter: 4575
obj: 27.000000 time: 6.097220 gap: 42.850709 iter: 30214
obj: 24.000000 time: 15.251191 gap: 33.911473 iter: 137818
obj: 23.000000 time: 37.816618 gap: 29.272678 iter: 446857
obj: 22.000000 time: 43.560594 gap: 25.851986 iter: 499856

obj: 22 time: 1200.12
V1:  0 1 5 7 8 9 14 15 18 19 20 23 26 27 30 35 39 42 45 46 49 52 53 55 59 63 66 75 79 81 86 89 91 95 97 100 101 104 105 107 108 112 113 117 118 120 122 126 129 130 133 136 138
V2:  0 1 5 14 18 20 23 27 30 35 39 45 49 52 53 55 59 63 66 75 79 86 89 91 95 97 100 101 105 108 112 113 118 120 126 129 130 138
V3:  0 1 14 20 27 35 39 49 53 59 66 75 79 86 97 112 120 126
gap: 0.15813
status: feasible
