obj: 44.000000 time: 0.033708 gap: 85.962567 iter: 538
obj: 30.000000 time: 0.084742 gap: 76.674494 iter: 768
obj: 29.000000 time: 0.345836 gap: 62.303568 iter: 2196
obj: 26.000000 time: 0.798331 gap: 55.876830 iter: 3641
obj: 24.000000 time: 0.816185 gap: 52.199899 iter: 3641
obj: 23.000000 time: 2.079741 gap: 47.152078 iter: 11727
obj: 22.000000 time: 4.115425 gap: 43.787599 iter: 41993
obj: 21.000000 time: 4.121336 gap: 41.110818 iter: 42046
obj: 19.000000 time: 44.967417 gap: 26.948149 iter: 480523

obj: 19 time: 1199.91
V1:  0 2 4 5 19 20 21 22 28 34 40 42 45 46 49 50 51 56 59 61 66 70 72 73 74 75 79 80 84 88 91 93 97 100 102 104 107 109 112 113 118 122 123 124 126 127 129 133 134 138 139 142 143 150 151 156 157
V2:  0 2 4 5 21 22 34 40 42 45 46 49 50 51 56 70 73 74 75 80 84 88 93 97 100 104 109 113 118 123 124 126 129 133 134 138 139 142 143 150 151 156 157
V3:  0 40 45 46 49 50 56 70 80 84 93 97 100 104 118 123 124 143 151 156
gap: 0.152096
status: feasible
