obj: 40.000000 time: 0.021601 gap: 61.562500 iter: 367
obj: 34.000000 time: 0.077344 gap: 40.966759 iter: 688
obj: 31.000000 time: 0.163214 gap: 25.708483 iter: 1407
obj: 30.000000 time: 0.352360 gap: 21.606263 iter: 1958
obj: 28.000000 time: 0.551288 gap: 15.179427 iter: 6038
obj: 27.000000 time: 0.600531 gap: 11.630596 iter: 7494

obj: 27 time: 7.91674
V1:  3 4 7 9 11 15 21 23 26 32 34 35 36 39 40 42 52 53 54 58 60 61 63 66 69 70 73 74 75 78 80 89 96 99 100 102 103 104 106 109 112 114 116 118 119 120
V2:  4 7 9 11 21 23 26 32 34 35 36 39 40 42 52 53 54 58 61 63 66 70 73 78 80 96 99 100 102 103 106 109 112 114 119 120
V3:  4 11 21 23 32 36 39 42 54 63 66 78 96 99 100 102 106 112 119 120
gap: 0
status: feasible
