obj: 25.000000 time: 0.019428 gap: 80.500000 iter: 291
obj: 16.000000 time: 0.093278 gap: 50.138622 iter: 984
obj: 15.000000 time: 0.637230 gap: 37.119404 iter: 4811
obj: 14.000000 time: 0.650595 gap: 32.627932 iter: 5246
obj: 13.000000 time: 0.837461 gap: 26.647596 iter: 8390
obj: 12.000000 time: 5.969359 gap: 0.000000 iter: 92877

obj: 12 time: 5.97053
V1:  0 13 15 20 22 23 27 30 34 35 36 37 38 39 41 44 45 46 53 56 57 58 60 63 65 66 69 73 80 81 82 87 88 90 91 97
V2:  0 13 20 23 27 34 36 38 39 41 44 46 53 56 57 60 65 66 69 73 81 87 91 97
V3:  0 20 23 34 36 44 53 56 57 66 73 87 91 97
gap: 0
status: feasible
