obj: 10.000000 time: 0.004987 gap: 40.000000 iter: 39
obj: 9.000000 time: 0.008352 gap: 33.333333 iter: 67
obj: 8.000000 time: 0.039165 gap: 0.000000 iter: 709

obj: 8 time: 0.039334
V1:  0 1 2 6 7 11 12 15 17
V2:  0 1 6 7 11 12 17
V3:  1 6 11
gap: 0
status: feasible
